3840.0 2160.0 25.0
person 14 1065 431 1126
person 14 1060 445 1121
person 12 1056 459 1124
person 9 1044 456 1141
person 12 1023 457 1174
person 14 1027 456 1147
person 11 1009 457 1171
person 20 1023 456 1153
person 20 1023 459 1154
person 25 1030 455 1140
person 24 1032 455 1139
person 31 1032 451 1139
person 27 1017 458 1160
person 26 1012 461 1163
person 31 1016 459 1166
person 30 1022 459 1152
person 32 1042 460 1124
person 34 1031 457 1134
person 31 1040 462 1118
person 32 1031 461 1131
person 29 1041 468 1116
person 28 1038 464 1125
person 25 1052 476 1108
person 22 1043 478 1120
person 21 1049 488 1109
person 21 1047 492 1105
person 23 1061 489 1085
person 22 1061 486 1084
person 22 1067 489 1076
person 22 1061 488 1080
person 27 1056 469 1095
person 23 1069 462 1085
person 27 1065 454 1093
person 20 1055 464 1112
person 21 1055 464 1109
person 20 1056 463 1109
person 24 1063 459 1103
person 18 1056 462 1113
person 19 1058 458 1113
person 17 1063 466 1103
person 23 1056 459 1110
person 26 1053 460 1112
person 22 1069 476 1086
person 21 1053 486 1095
person 19 1056 486 1094
person 22 1049 473 1112
person 27 1043 466 1124
person 28 1027 462 1154
person 15 1034 465 1124
person 20 1012 458 1178
person 6 1028 465 1150
person 25 1013 439 1183
person 25 1054 426 1130
person 29 1029 426 1166
lost 29 1029 426 1166
person 23 1039 443 1151
person 25 1077 436 1079
lost 25 1077 436 1079
lost 25 1077 436 1079
lost 25 1077 436 1079
lost 25 1077 436 1079
lost 25 1077 436 1079
lost 25 1077 436 1079
lost 25 1077 436 1079
lost 25 1077 436 1079
lost 25 1077 436 1079
lost 25 1077 436 1079
lost 25 1077 436 1079
lost 25 1077 436 1079
person 31 1076 402 1075
person 26 1087 404 1055
person 39 1094 402 1036
person 33 1075 410 1064
person 33 1084 409 1059
person 40 1090 416 1055
person 42 1077 415 1066
person 51 1087 415 1051
person 49 1089 415 1046
person 51 1080 417 1059
person 49 1080 431 1042
person 45 1069 431 1058
person 40 1065 438 1076
person 39 1068 440 1069
person 39 1052 438 1092
person 38 1060 442 1074
person 34 1047 443 1086
person 22 1068 474 1052
person 23 1080 479 1036
person 1 1040 515 1145
person 5 1039 521 1156
person 16 1037 511 1175
person 24 1027 506 1175
person 26 996 508 1233
person 0 1058 621 1083
person 14 1052 594 1069
person 16 1056 601 1039
person 29 981 573 1206
person 28 980 586 1225
person 26 984 595 1216
person 22 991 609 1207
person 28 997 612 1196
person 39 1011 591 1167
person 31 1025 601 1144
person 47 1014 581 1177
person 48 1028 571 1151
person 50 1000 565 1184
person 35 999 596 1179
person 41 1003 606 1160
person 43 1020 613 1131
person 40 1014 626 1154
person 36 1019 632 1146
person 34 1016 644 1158
person 34 1021 643 1148
person 24 1021 643 1154
person 29 1018 633 1166
person 35 1010 611 1177
person 36 1000 602 1189
person 31 1012 605 1138
person 33 1020 596 1132
person 33 1016 590 1131
person 34 1005 585 1162
person 34 1007 580 1155
person 32 1007 590 1150
person 30 996 587 1171
person 35 1005 580 1155
person 32 997 581 1172
person 34 991 577 1174
person 39 990 574 1178
person 41 998 569 1162
person 39 999 578 1167
person 37 1007 573 1145
person 38 1007 578 1145
person 37 1011 585 1140
person 33 1021 594 1130
person 31 1026 598 1124
person 34 1025 592 1128
person 35 1017 592 1134
person 32 1019 598 1133
person 34 1022 594 1129
person 30 1016 603 1141
person 28 1015 604 1132
person 25 1012 618 1130
person 18 1023 629 1108
person 18 1030 634 1094
person 21 1039 629 1087
person 22 1040 627 1088
person 25 1050 621 1084
person 29 1047 611 1092
person 30 1031 610 1111
person 27 1027 607 1114
person 32 1026 599 1117
person 31 1031 600 1104
person 37 1005 589 1143
person 36 1021 590 1123
person 35 1021 598 1121
person 36 1033 596 1101
person 37 1035 594 1107
person 43 1020 577 1130
person 42 1011 584 1148
person 46 970 581 1213
person 28 979 598 1194
person 37 986 594 1175
person 36 960 620 1226
person 25 982 643 1202
person 24 979 619 1213
person 8 982 643 1195
person 4 972 650 1198
person -5 985 664 1181
person 12 1046 501 1064
person 22 1060 482 1048
person 22 1065 479 1059
person 28 1041 470 1106
person 4 1025 660 1136
person 25 1020 477 1145
person 25 1000 487 1172
person 15 1022 508 1132
person 16 990 619 1210
person 18 992 610 1205
person 15 1019 635 1146
person 6 1048 536 1094
person 11 990 626 1219
person 17 1022 639 1181
person 23 986 621 1236
person 18 953 660 1261
person 5 979 669 1211
person -2 996 676 1194
person 4 994 661 1205
person 4 988 663 1201
person 3 994 656 1188
person 0 1006 680 1159
person -4 1019 703 1145
person -10 1024 714 1137
person -7 1047 704 1102
person -20 1026 723 1139
person -16 1065 747 1070
person -23 1022 787 1135
person 25 951 682 1268
person 28 934 714 1293
person 43 919 694 1304
person 67 975 688 1223
person 94 971 728 1210
person 111 964 720 1211
person 117 1006 750 1161
person 132 996 749 1162
person 197 1014 686 1139
person 266 1007 702 1135
person 274 992 686 1139
person 288 996 660 1113
person 302 1004 666 1094
person 312 997 644 1108
person 309 1004 664 1108
person 316 998 648 1122
person 320 986 641 1145
person 332 954 618 1212
person 333 972 612 1174
person 325 961 615 1198
person 321 956 598 1195
person 317 948 606 1210
person 322 931 590 1234
person 308 912 628 1162
person 319 919 595 1256
person 313 944 593 1219
person 255 950 618 1209
person 241 928 636 1242
person 246 931 629 1256
person 240 915 636 1274
person 239 918 624 1262
person 220 916 643 1264
person 221 917 645 1267
person 225 900 636 1301
person 220 899 641 1307
person 229 903 623 1300
person 226 909 635 1283
person 224 903 639 1303
person 216 908 650 1305
person 221 907 644 1297
person 231 915 633 1272
person 228 926 638 1254
person 236 906 623 1290
person 235 909 622 1281
person 224 923 644 1256
person 215 909 662 1288
person 220 905 661 1302
person 215 908 668 1291
person 216 911 663 1289
person 217 916 667 1279
person 217 915 661 1282
person 213 912 662 1293
person 212 922 668 1278
person 219 923 655 1273
person 221 914 657 1292
person 211 913 666 1290
person 226 912 649 1282
person 219 907 661 1296
person 224 924 653 1280
person 228 917 650 1283
person 228 922 648 1275
person 225 924 653 1267
person 228 932 651 1255
person 233 935 639 1242
person 225 930 646 1254
person 234 926 636 1268
person 239 922 633 1264
person 236 921 638 1273
person 245 922 633 1274
person 251 942 628 1231
person 307 961 607 1193
person 306 966 611 1183
person 311 959 605 1197
person 305 975 616 1171
person 255 950 620 1216
person 302 960 617 1195
person 300 970 625 1180
person 294 976 637 1170
person 293 974 639 1171
person 290 970 657 1177
person 293 966 643 1188
person 304 940 625 1236
person 299 957 636 1205
person 307 932 625 1247
person 308 921 623 1267
person 310 929 626 1250
person 313 922 614 1263
person 312 934 623 1239
person 317 932 624 1237
person 324 936 611 1229
person 317 953 630 1203
person 314 939 638 1230
person 326 905 627 1301
person 315 956 635 1203
person 327 920 635 1275
person 327 923 639 1270
person 319 956 648 1203
person 322 959 645 1197
person 321 954 648 1202
person 329 953 635 1199
person 327 951 637 1206
person 357 923 608 1262
person 346 943 631 1226
person 354 933 620 1244
person 365 908 601 1291
person 370 902 598 1310
person 376 910 601 1294
person 376 921 607 1275
person 374 932 628 1248
person 386 919 622 1273
person 392 908 588 1295
person 396 920 580 1280
person 405 931 578 1258
person 423 929 567 1262
person 413 920 571 1274
person 419 930 585 1264
person 416 932 609 1253
person 420 911 605 1289
person 436 924 592 1260
person 424 932 592 1248
person 426 938 599 1249
person 429 926 584 1262
person 439 932 587 1259
person 417 934 606 1252
person 428 943 599 1236
person 438 956 600 1212
person 432 952 614 1222
person 440 959 619 1205
person 438 954 590 1223
person 437 945 596 1234
person 432 935 608 1249
person 441 926 617 1262
person 451 940 605 1233
person 438 950 631 1212
person 425 967 640 1177
person 431 989 632 1141
person 440 964 615 1184
person 439 970 625 1174
person 441 960 627 1191
person 437 964 632 1187
person 436 954 635 1199
person 440 948 622 1208
person 437 951 634 1204
person 434 963 639 1183
person 438 965 644 1178
person 444 966 641 1177
person 450 966 638 1182
person 454 959 634 1189
person 443 972 644 1169
person 440 969 654 1176
person 470 882 640 1353
person 473 880 634 1358
person 445 955 655 1196
person 480 869 630 1364
person 482 883 654 1345
person 492 903 641 1309
person 495 927 621 1259
person 483 929 639 1257
person 489 931 627 1255
person 506 935 628 1252
person 502 955 635 1214
person 518 950 607 1214
person 536 934 593 1250
person 512 932 591 1080
person 536 943 568 1055
person 605 925 505 1095
person 608 914 506 1131
person 628 949 646 1065
person 629 939 640 1085
person 634 942 652 1084
person 631 935 664 1102
person 626 933 642 1097
person 632 928 658 1118
person 635 921 696 1117
person 648 922 648 1118
person 652 908 665 1162
person 667 908 660 1163
person 688 903 629 1176
person 699 897 625 1179
person 709 889 625 1189
person 707 904 645 1163
person 713 892 634 1182
person 709 892 645 1195
person 700 883 668 1220
person 704 870 679 1245
person 701 883 677 1222
person 711 877 647 1233
person 715 885 659 1212
person 711 899 671 1189
person 724 908 656 1168
person 722 899 650 1184
person 725 890 629 1206
person 724 887 658 1210
person 721 888 660 1206
person 736 870 614 1243
person 733 872 634 1242
person 742 850 618 1282
person 736 850 620 1280
person 734 878 636 1221
person 736 867 623 1249
person 754 853 604 1284
person 749 856 614 1283
person 753 864 611 1267
person 747 860 632 1274
person 757 952 595 1206
person 760 949 596 1207
person 762 949 588 1206
person 750 850 614 1298
person 754 849 616 1303
person 752 863 621 1273
person 756 861 612 1274
person 752 872 610 1246
person 743 872 628 1245
person 750 874 623 1244
person 755 872 613 1247
person 755 872 630 1252
person 754 872 625 1246
person 757 877 621 1239
person 751 862 623 1268
person 745 879 637 1231
person 752 882 632 1227
person 752 880 636 1231
person 756 869 626 1251
person 764 871 609 1242
person 765 875 606 1236
person 760 880 621 1225
person 760 877 618 1229
person 766 878 612 1232
person 775 876 600 1232
person 776 865 602 1262
person 771 868 604 1250
person 776 881 583 1212
person 765 880 619 1205
person 765 895 620 1176
person 781 903 614 1167
person 817 919 591 1132
person 816 919 583 1137
person 841 935 556 1097
person 856 920 547 1134
person 855 921 537 1129
person 867 924 520 1121
person 876 945 517 1074
person 875 936 515 1078
person 881 951 505 1063
person 894 957 499 1027
person 952 910 527 1169
person 947 898 524 1172
person 943 913 545 1291
person 945 892 546 1335
person 953 919 537 1297
person 962 901 530 1332
person 993 898 533 1350
person 1014 850 472 1401
person 1028 863 474 1376
person 1028 870 529 1250
person 1038 878 496 1350
person 1036 888 507 1330
person 1054 878 472 1356
person 1048 894 478 1321
person 1037 931 510 1259
person 1036 930 518 1259
person 1046 918 509 1282
person 1046 926 517 1269
person 1037 928 518 1263
person 1030 937 540 1246
person 1033 940 541 1240
person 1022 938 552 1244
person 1022 941 552 1235
person 1019 940 553 1236
person 1028 938 546 1238
person 1025 944 552 1232
person 1023 943 544 1234
person 1026 934 539 1250
person 1023 930 543 1256
person 1021 933 550 1251
person 1025 932 550 1256
person 1021 939 550 1242
person 1024 928 544 1258
person 1030 932 548 1248
person 1028 928 544 1254
person 1027 929 557 1252
person 1027 930 555 1252
person 1035 931 563 1249
person 1041 930 549 1253
person 1030 930 572 1251
person 1028 928 569 1251
person 1030 927 575 1256
person 1038 926 562 1258
person 1043 935 568 1247
person 1052 938 560 1245
person 1055 924 561 1268
person 1047 930 570 1254
person 1056 931 557 1251
person 1067 925 547 1263
person 1063 930 549 1255
person 1076 877 575 1240
person 1064 875 594 1236
person 1060 874 612 1238
person 1049 865 621 1261
person 1042 941 590 1229
person 1046 946 586 1222
person 1058 938 586 1236
person 1060 940 586 1234
person 1062 949 586 1209
person 1075 928 568 1245
person 1075 911 552 1285
person 1070 921 579 1262
person 1071 929 587 1250
person 1076 924 573 1259
person 1073 953 588 1207
person 1101 957 574 1193
person 1086 979 598 1156
person 1133 897 539 1328
person 1146 914 545 1300
person 1148 905 547 1315
person 1171 910 517 1305
person 1164 905 538 1312
person 1168 900 534 1321
person 1172 883 529 1355
person 1175 878 528 1365
person 1180 886 522 1370
person 1192 882 513 1374
person 1181 885 531 1361
person 1198 900 506 1331
person 1191 899 518 1341
person 1187 903 529 1329
person 1239 921 544 1277
person 1256 924 542 1132
person 1255 910 545 1168
person 1255 905 549 1172
person 1250 912 551 1153
person 1258 909 527 1163
person 1263 900 525 1183
person 1260 917 532 1148
person 1256 910 537 1163
person 1260 919 539 1134
person 1261 920 532 1132
person 1263 887 501 1328
person 1259 903 523 1179
person 1249 916 539 1142
person 1259 899 508 1307
person 1261 892 511 1321
person 1248 902 554 1172
person 1248 896 545 1187
person 1246 893 561 1196
person 1265 877 512 1352
person 1265 882 522 1345
person 1263 895 520 1319
person 1262 883 545 1363
person 1267 888 574 1199
person 1263 889 578 1190
person 1272 881 572 1209
person 1279 885 551 1200
person 1277 886 555 1201
person 1283 887 546 1199
person 1274 885 546 1200
person 1267 902 551 1147
person 1273 892 537 1177
person 1270 888 552 1198
person 1271 896 574 1168
person 1272 891 569 1185
person 1270 886 573 1192
person 1265 890 580 1176
person 1259 888 618 1190
person 1256 892 609 1184
person 1256 891 605 1182
person 1265 875 579 1221
person 1274 866 570 1249
person 1282 864 570 1257
person 1282 871 597 1235
person 1293 851 610 1289
person 1305 837 581 1323
person 1313 846 580 1297
person 1319 857 571 1276
person 1324 867 548 1254
person 1313 906 509 1291
person 1319 916 508 1274
person 1351 857 535 1277
person 1363 863 528 1262
person 1356 878 532 1227
person 1363 860 550 1269
person 1367 877 569 1226
person 1373 881 578 1230
person 1399 890 557 1211
person 1390 893 561 1189
person 1399 909 564 1158
person 1425 918 544 1136
person 1433 918 551 1135
person 1441 929 537 1098
person 1452 917 527 1128
person 1450 912 529 1137
person 1449 914 532 1139
person 1450 911 529 1150
person 1453 933 527 1102
person 1456 924 521 1120
person 1458 924 533 1133
person 1449 931 545 1117
person 1439 929 554 1120
person 1452 944 536 1082
person 1440 881 570 1363
person 1459 950 511 1217
person 1443 900 565 1332
person 1469 958 509 1039
person 1449 914 560 1308
person 1469 966 516 1020
person 1455 988 533 1153
person 1445 996 543 1136
person 1453 891 556 1358
person 1458 909 551 1321
person 1454 979 529 1171
person 1449 899 561 1343
person 1459 971 517 1182
person 1459 913 551 1310
person 1459 892 550 1355
person 1456 888 557 1361
person 1456 887 563 1360
person 1460 897 557 1347
person 1464 893 553 1360
person 1466 886 546 1375
person 1512 925 624 1280
person 1473 875 537 1389
person 1471 875 539 1383
person 1469 867 539 1401
person 1474 877 530 1377
person 1463 879 542 1381
person 1462 891 540 1353
person 1448 890 559 1344
person 1460 978 529 981
lost 1460 978 529 981
person 1450 890 555 1348
person 1445 869 572 1386
person 1479 939 502 1073
person 1465 897 500 1183
person 1437 892 529 1195
person 1456 909 490 1152
person 1438 906 517 1166
person 1373 949 562 1211
person 1374 930 518 1247
person 1373 891 478 1325
person 1360 855 447 1400
person 1345 841 427 1434
person 1311 837 491 1447
person 1260 888 530 1344
person 1261 935 501 1257
person 1264 952 463 1231
person 1146 921 519 1276
person 1142 895 494 1322
person 1144 877 467 1360
person 1114 865 449 1387
person 1092 926 451 1300
person 1045 953 458 1227
person 1040 945 438 1243
person 1019 926 452 1279
person 1002 940 463 1258
person 996 962 451 1216
person 998 1006 443 1147
person 876 980 485 1180
person 850 967 501 1193
person 844 935 494 1243
person 836 939 510 1231
person 844 996 493 988
person 820 986 508 1018
person 820 968 483 1051
person 784 964 506 1062
person 779 979 498 1010
person 772 967 499 1196
person 767 981 464 1013
person 763 990 482 989
person 710 990 494 997
person 693 988 488 989
person 665 979 512 1037
person 647 932 549 1249
person 614 990 598 1181
person 592 910 504 1317
person 555 951 542 1283
person 487 954 564 1222
person 440 948 589 1239
person 448 941 557 1248
person 445 947 573 1237
person 435 958 541 1251
person 402 968 547 1229
person 373 942 592 1270
person 362 961 599 1234
person 330 978 618 1188
person 322 959 622 1211
person 306 986 637 1159
person 304 1000 629 1142
person 327 963 599 1242
person 319 1016 584 1116
person 316 1007 588 1130
person 309 993 599 1151
person 325 988 563 1163
person 226 975 669 1190
person 208 966 685 1203
person 207 960 692 1218
person 185 946 709 1243
person 161 959 738 1227
person 161 944 730 1253
person 163 929 724 1287
person 181 933 707 1273
person 162 930 727 1287
person 161 947 722 1247
person 161 957 712 1223
person 169 947 696 1245
person 171 945 702 1249
person 172 940 697 1260
person 172 932 694 1273
person 167 923 698 1287
person 170 932 697 1272
person 171 930 699 1283
person 169 939 704 1257
person 170 938 698 1264
person 171 935 699 1275
person 165 969 676 1226
person 169 924 700 1289
person 162 954 660 1242
person 174 923 705 1296
person 185 920 693 1294
person 194 908 683 1321
person 183 910 700 1323
person 181 909 702 1327
person 170 910 717 1320
person 169 917 728 1304
person 176 912 716 1321
person 182 903 712 1333
person 198 911 692 1314
person 195 911 697 1311
person 188 905 709 1325
person 174 918 724 1300
person 181 921 720 1299
person 202 917 693 1304
person 201 919 684 1294
person 206 915 678 1299
person 209 910 680 1310
person 208 916 682 1293
person 203 916 687 1299
person 201 918 690 1297
person 208 917 680 1313
person 210 923 678 1298
person 216 925 669 1292
person 219 928 666 1293
person 218 940 672 1266
person 212 941 678 1271
person 215 923 672 1294
person 216 931 672 1273
person 217 913 670 1295
person 208 923 682 1278
person 218 938 672 1248
person 225 937 662 1248
person 228 944 661 1237
person 240 964 646 1193
person 311 963 591 1203
person 246 989 637 1161
person 241 975 648 1191
person 243 980 642 1184
person 243 988 642 1154
person 299 994 618 1148
person 298 987 623 1163
person 301 984 625 1169
person 295 974 638 1181
person 292 967 643 1187
person 291 963 642 1197
person 290 979 648 1176
person 293 966 643 1195
person 293 975 641 1183
person 297 984 633 1164
person 300 990 627 1155
person 298 979 633 1162
person 300 977 634 1171
person 305 983 618 1166
person 302 981 626 1169
person 300 990 635 1148
person 297 983 646 1158
person 298 997 645 1142
person 324 916 610 1293
person 333 906 599 1310
person 311 984 637 1155
person 336 918 605 1288
person 304 999 651 1128
person 315 979 631 1171
person 345 906 598 1306
person 338 920 613 1284
person 341 921 613 1286
person 347 931 613 1268
person 360 928 595 1274
person 356 919 606 1278
person 355 908 608 1297
person 363 913 602 1291
person 372 911 584 1293
person 378 905 580 1300
person 380 903 604 1302
person 385 910 593 1292
person 382 902 595 1305
person 385 896 601 1316
person 373 898 619 1319
person 384 911 612 1297
person 392 915 624 1289
person 391 916 644 1290
person 388 914 646 1294
person 403 899 638 1321
person 413 917 629 1298
person 407 921 642 1284
person 416 919 627 1292
person 419 917 625 1299
person 422 911 626 1301
person 427 928 623 1272
person 429 908 609 1306
person 431 907 614 1307
person 453 926 620 1272
person 440 920 631 1280
person 451 921 633 1278
person 446 926 624 1266
person 450 913 617 1296
person 443 932 634 1262
person 446 930 623 1263
person 455 936 616 1252
person 453 952 620 1227
person 457 937 607 1255
person 448 947 623 1243
person 440 948 620 1234
person 451 939 605 1253
person 462 925 587 1281
person 450 938 612 1250
person 446 933 623 1257
person 451 936 622 1244
person 445 934 635 1244
person 445 944 624 1226
person 453 941 641 1228
person 441 947 643 1222
person 452 929 636 1253
person 459 936 633 1236
person 462 937 632 1231
person 452 953 642 1210
person 459 949 631 1220
person 480 921 647 1281
person 482 915 649 1289
person 480 904 652 1316
person 481 914 660 1301
person 467 906 683 1310
person 471 913 680 1298
person 477 919 670 1278
person 471 928 655 1250
person 465 923 668 1265
person 460 926 686 1258
person 436 968 675 1185
person 428 961 674 1196
person 456 949 650 1214
person 439 953 648 1210
person 442 948 646 1219
person 453 948 647 1215
person 445 947 652 1218
person 439 936 656 1241
person 437 943 663 1230
person 441 940 667 1232
person 447 941 652 1230
person 446 938 671 1241
person 446 954 671 1209
person 447 964 686 1184
person 460 968 675 1178
person 458 962 672 1189
person 487 949 642 1228
person 485 929 637 1268
person 497 926 636 1270
person 519 902 609 1317
person 528 895 605 1315
person 527 897 607 1318
person 485 936 668 1111
person 554 917 580 1266
person 565 940 568 1087
person 612 958 693 1042
person 621 962 694 1040
person 617 967 708 1022
person 641 962 685 1035
person 649 961 662 1033
person 643 974 644 1014
person 642 961 651 1052
person 641 967 680 1031
person 633 952 704 1070
person 627 958 709 1051
person 630 949 713 1085
person 633 950 710 1068
person 624 933 707 1113
person 627 917 708 1143
person 622 925 716 1130
person 628 913 726 1141
person 610 925 758 1104
person 615 933 764 1102
person 626 916 737 1143
person 640 916 721 1135
person 650 922 696 1121
person 644 923 704 1116
person 664 920 682 1125
person 671 905 695 1150
person 690 900 678 1163
person 687 902 675 1168
person 683 901 682 1171
person 689 894 686 1180
person 705 892 668 1172
person 706 891 673 1177
person 719 896 645 1162
person 723 893 651 1165
person 725 888 645 1176
person 724 891 652 1179
person 739 901 628 1152
person 738 916 628 1101
person 732 917 663 1129
person 723 916 668 1137
person 725 926 637 1119
person 725 911 639 1156
person 742 976 608 1169
person 742 977 615 1162
person 746 980 603 1161
person 726 898 656 1177
person 732 895 633 1182
person 729 897 639 1183
person 740 969 612 1178
person 722 899 648 1176
person 718 899 667 1179
person 715 896 662 1183
person 717 896 663 1186
person 724 893 661 1190
person 726 903 654 1169
person 720 899 665 1172
person 718 893 659 1189
person 722 897 659 1178
person 732 893 641 1188
person 737 889 644 1199
person 743 905 634 1164
person 739 915 649 1143
person 740 909 646 1156
person 731 905 658 1166
person 733 903 652 1173
person 722 910 682 1154
person 726 902 671 1167
person 725 905 688 1155
person 730 909 670 1147
person 728 904 663 1157
person 728 908 665 1149
person 732 911 668 1150
person 731 901 674 1172
person 735 883 679 1213
person 731 886 690 1210
person 747 891 670 1201
person 762 879 660 1223
person 749 891 680 1198
person 769 895 656 1195
person 754 889 662 1198
person 759 919 663 1129
person 776 933 637 1102
person 808 937 611 1087
person 838 945 568 1057
person 841 927 560 1105
person 834 928 591 1113
person 851 913 592 1276
person 865 938 526 1096
person 870 948 529 1063
person 930 914 603 1159
person 938 899 582 1200
person 947 900 577 1200
person 956 898 560 1198
person 944 900 567 1195
person 954 918 556 1150
person 959 905 534 1181
person 973 885 526 1337
person 970 900 538 1309
person 959 907 553 1176
person 963 916 554 1150
person 962 913 551 1162
person 985 903 525 1307
person 983 890 523 1329
person 987 892 529 1328
person 988 892 531 1328
person 992 895 527 1322
person 993 885 522 1338
person 995 892 518 1327
person 1000 883 505 1344
person 1000 877 502 1355
person 1000 882 512 1346
person 997 890 520 1329
person 999 889 522 1327
person 1002 873 513 1358
person 1009 874 505 1357
person 1004 868 511 1365
person 994 875 524 1353
person 998 876 518 1352
person 1007 883 506 1343
person 1005 885 514 1341
person 1012 883 507 1343
person 1013 889 506 1334
person 1023 896 504 1324
person 1032 884 502 1347
person 1026 870 500 1368
person 1026 870 508 1371
person 1028 874 505 1366
person 1030 916 545 1146
person 1026 889 506 1342
person 1041 885 497 1346
person 1038 893 509 1334
person 1032 896 516 1324
person 1045 895 502 1329
person 1049 889 505 1344
person 1058 888 503 1346
person 1056 880 496 1354
person 1047 883 505 1350
person 1047 888 491 1341
person 1045 881 490 1353
person 1045 867 491 1374
person 1044 863 492 1377
person 1040 873 492 1357
person 1032 871 492 1363
person 1020 873 503 1357
person 1015 874 497 1354
person 1019 875 506 1348
person 1012 872 497 1358
person 1006 880 502 1345
person 1004 876 513 1352
person 995 887 523 1334
person 992 867 504 1368
person 992 903 538 1320
person 993 883 513 1343
person 989 872 514 1360
person 985 891 535 1344
person 977 918 547 1290
person 966 913 544 1298
person 980 892 536 1324
person 973 884 539 1340
person 973 875 531 1353
person 968 882 536 1337
person 972 874 531 1354
person 949 883 570 1229
person 944 883 575 1230
person 962 870 540 1364
person 950 919 555 1272
person 943 879 587 1240
person 945 883 602 1231
person 942 891 615 1217
person 936 901 613 1191
person 949 895 613 1207
person 949 891 612 1217
person 959 895 594 1208
person 947 902 606 1197
person 938 910 598 1289
person 933 897 629 1210
person 941 895 628 1210
person 939 897 639 1204
person 939 905 649 1185
person 934 898 669 1202
person 938 896 652 1203
person 936 887 641 1227
person 934 894 641 1213
person 929 896 670 1210
person 936 910 664 1181
person 936 907 676 1191
person 932 911 669 1176
person 920 908 686 1174
person 928 903 652 1186
person 936 900 619 1190
person 959 892 580 1313
person 975 895 565 1309
person 984 898 563 1304
person 989 901 566 1298
person 1003 902 549 1303
person 1026 895 547 1319
person 1037 877 526 1345
person 1032 900 552 1300
person 1035 920 559 1271
person 1033 918 551 1274
person 1035 913 539 1279
person 1059 909 536 1292
person 1065 914 534 1280
person 1068 919 533 1271
person 1064 926 554 1266
person 1064 942 566 1239
person 1063 947 582 1230
person 1076 938 569 1256
person 1066 946 594 1235
person 1070 945 589 1237
person 1072 933 586 1253
person 1077 931 579 1259
person 1074 963 579 1204
person 1070 961 588 1204
person 1081 959 579 1204
person 1073 974 584 1175
person 1073 1008 594 1118
person 1123 952 576 1067
person 1124 955 585 1064
person 1092 985 582 1154
person 1099 990 562 1149
person 1113 991 558 1149
person 1102 1008 580 1123
person 1153 973 554 1017
person 1113 999 579 1135
person 1117 996 561 1145
person 1110 986 576 1152
person 1111 1011 581 1107
person 1112 1007 583 1113
person 1208 928 619 1061
person 1187 924 514 1098
person 1159 925 562 1259
person 1165 923 553 1266
person 1167 939 552 1232
person 1179 926 524 1264
person 1178 935 531 1253
person 1171 930 544 1258
person 1186 914 523 1294
person 1227 940 583 1094
person 1217 934 618 1103
person 1213 921 594 1258
person 1224 932 601 1118
person 1226 933 581 1111
person 1219 932 599 1110
person 1220 920 589 1141
person 1224 933 571 1253
person 1225 936 577 1247
person 1219 924 604 1137
person 1209 921 610 1135
person 1214 910 591 1164
person 1217 912 586 1161
person 1236 877 545 1358
person 1236 883 550 1353
person 1227 904 586 1165
person 1243 876 545 1370
person 1244 871 545 1380
person 1247 877 535 1367
person 1248 875 539 1369
person 1248 871 538 1377
person 1246 880 536 1360
person 1246 891 528 1320
person 1247 905 521 1292
person 1233 912 571 1163
person 1237 916 567 1139
person 1243 894 537 1324
person 1229 921 605 1146
person 1240 899 565 1312
person 1229 886 572 1321
person 1249 904 554 1304
person 1223 909 625 1174
person 1227 888 571 1313
person 1232 885 559 1317
person 1244 902 548 1305
person 1237 879 553 1331
person 1232 897 572 1299
person 1231 907 569 1278
person 1226 895 582 1303
person 1229 898 578 1295
person 1244 922 566 1266
person 1253 906 556 1293
person 1239 886 594 1219
person 1248 887 567 1323
person 1255 882 550 1332
person 1260 884 535 1328
person 1284 873 510 1350
person 1302 897 511 1306
person 1314 902 518 1304
person 1332 912 508 1279
person 1340 915 503 1280
person 1341 910 509 1286
person 1357 925 494 1263
person 1357 933 500 1239
person 1367 940 511 1223
person 1373 949 532 1207
person 1385 890 541 1194
person 1380 903 556 1173
person 1416 917 533 1132
person 1430 922 525 1122
person 1412 917 547 1145
person 1426 907 534 1162
person 1424 981 539 1158
person 1449 914 524 1152
person 1447 905 519 1162
person 1448 922 519 1120
person 1466 950 492 1049
person 1461 948 513 1068
person 1466 948 512 1072
person 1468 940 509 1086
person 1458 935 519 1094
person 1460 930 523 1105
person 1459 934 515 1096
person 1438 986 551 1145
person 1451 926 525 1117
person 1461 933 515 1106
person 1469 930 496 1105
person 1462 925 514 1120
person 1454 967 532 1174
person 1464 934 530 1104
person 1446 968 550 1172
person 1448 965 551 1177
person 1455 925 544 1126
person 1445 963 559 1176
person 1451 962 550 1179
person 1461 969 536 1168
person 1458 976 539 1157
person 1487 934 692 1259
person 1462 960 540 1179
person 1464 960 535 1182
person 1468 971 530 1163
person 1495 916 668 1296
person 1470 979 522 1151
person 1483 924 700 1277
person 1489 931 693 1261
person 1485 937 694 1254
person 1483 933 695 1259
person 1486 934 687 1263
person 1486 939 684 1251
person 1487 947 683 1233
person 1481 916 509 1141
person 1479 936 511 1093
person 1488 932 493 1084
person 1479 917 496 1131
person 1473 908 492 1116
person 1483 918 462 1108
person 1472 908 470 1138
person 1457 912 490 1125
person 1426 901 540 1160
person 1366 936 570 1234
person 1371 941 547 1226
person 1368 923 506 1267
person 1380 884 468 1343
person 1364 872 459 1369
person 1351 875 448 1370
person 1317 839 497 1453
person 1284 845 503 1430
person 1264 911 510 1300
person 1263 938 489 1255
person 1201 948 497 1262
person 1207 926 457 1302
person 1183 873 461 1357
person 1160 857 465 1394
person 1156 869 438 1375
person 1116 890 456 1339
person 1085 917 449 1303
person 1053 932 458 1262
person 1038 928 442 1269
person 1017 929 458 1260
person 1001 934 459 1250
person 983 957 476 1203
lost 983 957 476 1203
person 877 965 529 1185
person 866 951 490 1208
person 874 959 494 1209
person 896 981 456 1028
person 861 981 458 1016
person 841 981 470 1015
person 805 977 493 1036
person 791 978 489 1025
person 780 982 480 1003
person 777 978 466 1010
person 778 978 458 1002
person 730 977 495 1021
person 699 978 497 1021
person 671 933 524 1087
person 656 954 556 1191
person 613 980 596 1178
person 568 914 567 1300
person 536 914 582 1329
person 455 969 613 1183
person 454 980 599 1181
person 454 933 580 1258
person 456 935 567 1262
person 446 959 540 1241
person 416 950 533 1258
person 396 937 586 1263
person 354 962 617 1215
person 343 991 631 1150
person 318 979 639 1179
person 299 972 654 1181
person 299 979 650 1177
person 299 989 634 1168
person 299 984 636 1157
person 293 1002 639 1129
person 234 970 674 1189
person 236 964 669 1214
person 221 958 691 1217
person 214 964 701 1200
person 219 961 690 1216
person 220 959 688 1213
person 217 961 691 1217
person 215 947 690 1235
person 207 944 698 1243
person 211 944 690 1238
person 210 936 685 1250
person 211 950 688 1227
person 213 930 688 1260
person 213 939 687 1248
person 212 948 690 1227
person 198 949 703 1221
person 205 937 694 1251
person 204 943 698 1232
person 210 944 690 1228
person 214 930 681 1267
person 210 926 686 1272
person 212 928 681 1272
person 199 929 691 1260
person 208 931 680 1262
person 206 946 686 1235
person 208 949 689 1227
person 212 949 684 1231
person 208 960 689 1210
person 208 945 694 1253
person 206 954 695 1221
person 204 946 696 1239
person 211 943 689 1246
person 203 949 701 1232
person 196 948 709 1231
person 209 952 696 1216
person 207 947 697 1232
person 198 952 709 1219
person 203 957 702 1219
person 221 949 677 1231
person 220 947 678 1237
person 219 957 678 1217
person 211 952 683 1224
person 222 936 672 1263
person 220 950 680 1238
person 219 949 678 1231
person 213 954 688 1222
person 219 957 680 1223
person 217 962 681 1215
person 217 972 683 1197
person 226 963 673 1225
person 219 970 680 1213
person 219 959 679 1229
person 232 971 662 1199
person 226 965 670 1213
person 232 971 660 1200
person 234 962 657 1209
person 240 957 648 1219
person 243 955 644 1221
person 245 953 639 1223
person 243 955 644 1206
person 248 949 636 1226
person 251 960 635 1200
person 250 962 639 1202
person 301 973 618 1176
person 305 968 616 1182
person 304 975 619 1179
person 305 960 619 1206
person 299 958 632 1216
person 296 955 642 1221
person 300 944 644 1235
person 298 948 650 1229
person 301 952 641 1222
person 302 950 639 1224
person 309 939 626 1245
person 308 951 625 1226
person 300 964 645 1202
person 304 964 638 1194
person 303 970 640 1190
person 304 972 643 1198
person 305 960 642 1216
person 305 964 636 1211
person 301 978 640 1192
person 298 990 647 1171
person 306 970 628 1201
person 307 971 628 1201
person 310 957 632 1220
person 306 947 637 1231
person 315 935 630 1247
person 310 940 637 1241
person 312 937 634 1245
person 321 948 618 1230
person 317 942 620 1245
person 320 940 625 1246
person 326 945 627 1236
person 314 957 657 1209
person 315 962 658 1199
person 311 952 661 1214
person 324 957 645 1208
person 326 949 643 1220
person 324 951 644 1216
person 326 959 648 1203
person 333 953 628 1215
person 334 946 620 1226
person 341 934 625 1244
person 377 929 581 1261
person 384 920 579 1275
person 380 929 599 1260
person 385 917 577 1288
person 385 925 589 1279
person 386 930 584 1275
person 390 925 578 1280
person 388 924 580 1281
person 391 934 582 1259
person 392 933 582 1259
person 400 927 574 1271
person 398 934 581 1261
person 403 934 576 1263
person 405 935 582 1262
person 410 930 572 1272
person 406 941 598 1251
person 406 950 599 1233
person 412 941 590 1247
person 412 948 586 1235
person 413 945 597 1240
person 407 944 583 1241
person 406 939 586 1248
person 401 940 598 1248
person 402 941 599 1245
person 405 934 603 1258
person 414 924 594 1273
person 411 930 596 1268
person 421 933 595 1261
person 428 926 588 1270
person 437 931 619 1262
person 431 932 631 1262
person 439 935 615 1258
person 441 943 605 1243
person 450 948 617 1231
person 458 942 605 1240
person 454 952 604 1225
person 449 973 597 1192
person 448 977 607 1175
person 449 991 610 1151
person 451 983 609 1167
person 444 970 611 1192
person 451 962 607 1208
person 454 958 606 1216
person 453 954 608 1220
person 440 964 625 1202
person 435 973 629 1188
person 438 962 630 1205
person 451 950 620 1226
person 454 950 609 1227
person 451 954 604 1221
person 440 961 621 1203
person 436 972 620 1182
person 445 973 622 1184
person 443 968 622 1199
person 439 972 635 1190
person 445 986 628 1164
person 449 981 611 1166
person 442 992 622 1138
person 450 988 607 1150
person 448 991 609 1145
person 435 1006 630 1112
person 426 1006 640 1113
person 423 996 635 1129
person 426 987 629 1149
person 433 975 616 1166
person 441 961 620 1196
person 449 958 594 1198
person 447 976 607 1165
person 433 981 628 1159
person 432 993 635 1136
person 431 1004 640 1113
person 433 992 614 1132
person 448 983 605 1153
person 455 986 610 1142
person 476 922 605 1276
person 458 968 612 1178
person 446 982 623 1152
person 449 961 633 1191
person 451 978 639 1156
person 454 962 632 1192
person 443 977 644 1166
person 476 913 621 1289
person 458 974 629 1167
person 487 928 621 1267
person 487 919 623 1291
person 502 904 634 1324
person 514 892 621 1340
person 529 901 606 1318
person 548 889 598 1334
person 556 888 588 1320
person 546 894 594 1308
person 531 962 596 1036
person 572 908 571 1145
person 558 984 554 980
person 581 927 552 1119
person 627 1003 608 962
person 636 963 580 1179
person 618 928 598 1113
person 641 959 588 1186
person 632 951 603 1198
person 633 989 641 980
person 611 980 668 1008
person 626 980 639 1008
person 622 984 646 1012
person 644 986 638 1003
person 621 976 665 1011
person 632 973 625 1022
person 653 975 609 1010
person 664 979 609 1004
person 681 984 615 981
person 684 978 613 997
person 686 980 601 1001
person 689 980 599 999
person 672 979 622 1001
person 675 982 623 997
person 683 981 621 991
person 682 979 621 993
person 684 979 617 997
person 684 979 605 991
person 662 979 627 998
person 662 976 624 1002
person 667 969 610 1019
person 653 974 609 1004
person 631 969 629 1002
person 637 977 632 988
person 632 979 654 995
person 631 977 670 1009
person 629 987 674 988
person 643 984 666 989
person 639 979 661 1005
person 631 980 650 998
person 638 977 647 999
person 642 978 641 989
person 629 976 634 998
person 614 982 638 991
person 609 979 659 1002
person 607 975 664 1014
person 613 976 654 1010
person 614 979 658 1008
person 621 977 656 1008
person 610 975 662 1012
person 605 967 684 1031
person 607 974 671 1011
person 612 968 672 1027
person 615 972 668 1012
person 610 965 671 1033
person 614 966 664 1033
person 620 968 661 1021
person 624 971 653 1015
person 624 968 646 1021
person 623 974 651 1004
person 624 974 643 1003
person 621 970 636 1014
person 624 968 628 1021
person 621 971 640 1016
person 615 969 648 1030
person 618 967 645 1035
person 625 965 625 1037
person 625 969 635 1025
person 623 971 641 1013
person 629 976 638 997
person 632 980 635 984
person 626 979 632 999
person 619 979 651 996
person 626 985 634 985
person 622 976 632 1003
person 619 982 642 971
person 616 976 634 989
person 620 978 626 985
person 618 980 636 983
person 628 985 620 981
person 620 980 635 986
person 627 980 624 983
person 626 976 633 992
person 629 979 631 995
person 624 979 632 988
person 633 977 625 987
person 626 979 628 975
person 633 981 623 982
person 630 995 638 951
person 631 994 645 961
person 630 990 647 963
person 632 981 646 988
person 630 983 651 980
person 631 988 638 966
person 632 980 640 986
person 631 981 623 976
person 641 978 610 996
person 632 988 623 977
person 630 980 620 984
person 635 910 574 1117
person 639 910 567 1124
person 643 974 615 997
person 639 914 569 1101
person 633 977 637 978
person 640 917 582 1105
person 632 936 585 1078
person 636 935 578 1084
person 635 936 575 1079
person 635 937 572 1080
person 632 933 576 1089
person 628 936 584 1081
person 624 920 587 1122
person 629 926 578 1106
person 639 926 556 1110
person 640 934 556 1081
person 638 973 618 1007
person 636 971 633 1010
person 631 972 633 1012
person 633 928 579 1091
person 634 925 572 1093
person 633 927 574 1093
person 622 933 599 1082
person 630 942 589 1067
