229.5 1217.142857142857
229.5790572118561 1217.0783206433828
229.84387465390301 1216.856611439716
230.2396030690853 1216.3226142010203
230.71403142336573 1215.1581790620528
231.28901961089068 1213.3604885191817
231.9120565054298 1210.9576778755709
232.62613251989762 1208.1321210924075
233.4970652612776 1205.2292514626895
234.5126079234932 1202.4238661402717
235.63130224697892 1199.860381623154
236.84649724580856 1197.5525561171423
238.15221072375545 1195.2871735324795
239.4956025263745 1192.8572854672173
240.88750450423922 1190.3524363773872
242.31504939942852 1187.9732472322548
243.75508241912573 1186.0674522559225
245.20471312864134 1184.6454086170174
246.62931514327832 1183.5898235709374
248.00506134309126 1182.815432448314
249.32621903710321 1182.2831593673864
250.55028531826872 1182.019796413307
251.6794725607789 1182.1021938219849
252.72405763554883 1182.4860009566535
253.70855602805725 1183.0497279425854
254.69257017392223 1183.778134754974
255.68144586380828 1184.7669688574313
256.6293114430001 1186.0916209741144
257.5173771758061 1187.7087942234737
258.3527558468294 1189.4978486860698
259.07556461631845 1191.2361418214507
259.5688265179969 1193.0073818623437
259.8057356085759 1194.8684785590451
259.8286580237686 1196.5771447578709
259.685895915897 1198.01768241571
259.4194526360242 1199.244927917464
259.0757887141134 1200.3928264517672
258.6537209081414 1201.4517935776335
258.1253018375992 1202.3647842046307
257.54322018990166 1203.2403820379889
256.98410496605317 1204.0394379036672
256.519673875932 1204.6426488613058
256.2161217760747 1205.2609074370332
256.1232851182282 1205.8623132949951
256.20501055608753 1206.284870121883
256.3512162728424 1206.513973170716
256.52122684792283 1206.4360044922066
256.7092974489165 1205.8580601565068
256.76599574749 1204.8276374624527
256.6220758024827 1203.291104185899
256.2327324499218 1201.3626237804567
255.63097639032765 1199.1900610901127
254.8776901596609 1197.2365523840185
254.00759696837991 1195.654643153387
253.1136665568334 1194.076850501104
252.2501464835164 1192.6655261163787
251.43688662299542 1192.0165219930382
250.66210542472254 1192.3919816054222
249.9321724277862 1193.5034975998171
249.25073697821927 1195.125500171563
248.61939270375072 1197.0829878734182
248.03820506178167 1199.2415117273574
247.50612791049622 1201.499014698946
247.02133037488866 1203.779196984409
246.58145141711654 1206.0261344306289
246.18379633506646 1208.199924668748
245.82548678866678 1210.2731747908158
245.5035737940307 1212.2281769715655
245.21512135088773 1214.0546454498067
244.83303415090876 1215.7350033680143
244.23045139404732 1217.4025418994959
243.5743044703391 1219.2469040215647
242.99710498714566 1221.0183608976597
242.4631743862261 1222.58613823388
242.08565002443433 1224.157326050566
241.95729610696617 1225.6010161300571
242.13016873147834 1226.8935014541444
242.59012171190938 1228.1939057566167
243.26145905278526 1229.379567931837
244.15972669168823 1230.3478988637746
245.21064836756975 1230.9952495637701
246.29056523367663 1231.2115252159074
247.35223050650706 1231.1005896243928
248.36619240040127 1230.58388678134
249.32417131525756 1229.6947171758536
250.19157400375843 1228.4826620777342
250.97699910270458 1227.177349005533
251.76206273098254 1226.2399181609762
252.52136038284527 1225.2180528592048
253.28239328197543 1223.6636886487095
254.1694372316475 1221.718545118065
255.25386864929195 1219.3788268840383
256.5497457365628 1216.2832203902096
258.34697333528084 1213.1338224305096
260.7954818259927 1210.681406076127
263.7311082594693 1208.7683522109992
267.00311929549235 1206.3688509574954
270.4997606561795 1202.7543721742422
274.16939224603743 1198.375678745781
277.94483871408323 1193.6756898632088
281.831070082983 1189.0063124490787
285.79752663152607 1184.7137743107032
289.70714774975 1181.137489765307
293.5264562117328 1178.1857327457615
297.2147675029365 1175.800596974617
300.67414664252726 1173.6858873312372
303.88691460299754 1171.4644653503783
306.97995894439913 1169.253575156597
310.09632692998883 1167.3660233342619
313.25902759052025 1165.8813102086858
316.4119201257578 1164.7140791565073
319.5236005232389 1163.8242868210612
322.57388932127463 1163.1839445845142
325.3948708280942 1162.798850568517
327.88263703518146 1162.5688623591393
330.0176152555335 1162.3172705868753
331.7576615830499 1161.8302905991368
333.096538947925 1161.2176806191326
334.04975790949544 1160.7745812053076
334.64186070560777 1160.5087661489902
334.9102358991045 1160.187505566843
334.89357793738947 1159.726638214661
334.67781722333063 1159.1984267721775
334.31412535164554 1158.4908294420088
333.8310461419912 1157.6523616246523
333.25930211174045 1156.7419653606191
332.6093336023687 1155.6256161147787
331.9562388040409 1154.2990030726326
331.3462579606482 1152.9398120217268
330.80387802691985 1151.6956061932115
330.29789187765056 1150.6773362333338
329.82160405688614 1149.9415131237222
329.442302616029 1149.478553797039
329.1736560753264 1149.4010437517863
328.99651098761166 1149.7899118898922
328.8897018314731 1150.5562704406661
328.8476126343591 1151.4648822757595
328.86397010750113 1152.3867318714379
328.9224307247028 1153.3608454882346
329.0158502432886 1154.310282606877
329.12094435093877 1155.1361024101682
329.2616360763739 1155.8033750287775
329.4502265452165 1156.4468575894334
329.681968922072 1157.281524002962
329.97193283225033 1158.4371388920517
330.3031260314608 1159.9217424003693
330.65704926411775 1161.7540604170135
331.0084738229286 1163.8804400691884
331.3455553942435 1165.9315231996559
331.619300291519 1167.6393373920123
331.805054991245 1168.9995758883774
331.92770160245476 1170.1301729514796
332.00221871224096 1170.7937658228398
332.0397551368479 1170.997792719827
332.07823346458935 1171.0557231096277
332.14809210976506 1171.1611429730538
332.23922434618254 1171.4687388650398
332.3155893257246 1171.746919770263
332.3815166071847 1171.70129939643
332.49293758138646 1170.7841218474002
332.55396613285416 1168.8774001798574
332.55625135220737 1166.4918517181964
332.72491993196627 1163.5589714029595
333.1425706511364 1160.264036375659
333.5904279423003 1157.003499203679
333.86863602556724 1153.8417308002815
333.9698386024945 1150.727626392405
333.9124013543644 1147.7637145851545
332.9914901455918 1145.9170623175933
330.7910133129965 1145.8358520941156
327.69726648590154 1147.2716793475547
324.0232188923865 1149.5285733791306
320.82534776060646 1151.8378983014811
317.99324811597523 1153.8782061713428
314.8040212697423 1155.360377922277
311.48310015513886 1156.448453392684
308.78228205154454 1157.0777636314622
307.15652013095 1157.0014584026912
306.4282190455331 1156.786731505987
305.80694724714687 1157.1748001533517
305.2267363804257 1157.5920847119403
305.35576543739086 1157.7377528368568
306.0947379514388 1157.602688060312
307.3929294245375 1156.408201865398
309.125491174402 1154.4092715012832
311.0069528993618 1152.401295084271
312.9018280333332 1150.6089447485795
314.76065510243245 1148.910853282446
316.51245067925583 1147.3236296419993
318.2026343660406 1146.0785264497783
319.9905127767402 1145.4210694771532
321.8835686567197 1145.4255671498772
323.783910133474 1146.267792541778
325.58755432646115 1147.7054920536511
327.4255324557927 1149.795540483505
329.56338272106996 1152.227434453735
331.95829399107635 1153.4216473543615
334.6550114793654 1152.6183066560143
337.7683707196594 1149.983481142484
341.40624973880745 1146.6181966483073
346.0974096082423 1143.4167561489512
352.0923246424178 1140.2657483172588
359.27748146042853 1137.6781009525305
367.55514524690966 1135.9316324727154
376.9767495327551 1134.946536781611
388.2457213756798 1134.6619267034785
401.4204269483788 1134.6147023231952
415.7036050937105 1134.612390254625
430.68311146805945 1134.7940679836004
446.009248387178 1135.1112032849744
461.3215525723053 1135.52608681815
476.35220191426583 1136.009584643143
490.84562023313157 1136.3054180142292
504.6436209541869 1135.901273698478
517.6182153407243 1134.8453318699983
529.617276367847 1133.4131636348236
540.4364942286647 1131.542223419638
550.0312742878372 1129.2299996564882
558.4934339700422 1126.3320844026505
565.9731894542984 1122.6224058554455
572.5665981487721 1118.265993371848
578.2354566528735 1113.941517453871
582.521589438504 1110.1123182944348
585.1749983425275 1106.5145410316723
586.5488034166852 1102.937764550021
586.950589241687 1099.2837615479457
586.5321333498883 1095.4998413618625
585.3460462529691 1091.7142761738016
583.5508870853979 1087.9989429658099
581.3677754900044 1084.2082355624764
578.9169410502462 1080.2282949868113
576.2987762832311 1076.2372827079005
573.6500231142993 1072.450750790307
571.0683410573884 1068.8899719476967
568.5634446085438 1065.5632973856932
566.1652599632428 1062.5263924970618
563.9687380901494 1059.8574634779764
562.0082705760021 1057.7521431789332
560.2624300148053 1055.976177243445
558.6988938680478 1054.2766582911286
557.2861229196674 1052.8864771899705
556.013684858198 1051.7388198427097
554.9217633613698 1050.5725580126648
554.015153765285 1049.40888000459
553.230228720866 1048.3472157567905
552.5689338757509 1047.4833883955123
552.0095261752346 1046.8292796615547
551.4652710730024 1046.2910534457526
550.9296885311246 1045.9417817821407
550.4387553862392 1045.8704372427349
550.030101342638 1045.8984021613492
549.6595503587089 1045.8768751360615
549.3403561637076 1045.7949423743378
549.122463568336 1045.594363302034
548.9836971423488 1045.4713220866374
548.9441859070417 1045.5211690626106
548.992627642299 1045.6759703193377
549.087749743939 1045.9895237625674
549.2320415245271 1046.5388540338688
549.418636807585 1047.3823197887957
549.5705613601051 1048.3925778736314
549.691858726396 1049.390280483747
549.8698367592337 1050.2574237356596
550.1162547538472 1050.9498500180332
550.4751735466978 1051.501144607084
551.0158491495106 1052.2080491377105
552.2274389301065 1053.4980914404196
554.3895853300497 1055.4764269843472
557.2282364347125 1057.8813647940196
560.5118267926593 1060.6661990413768
563.4996896920019 1063.5358236159768
566.2168733491543 1066.2332108529663
569.1790365641041 1068.9958611914315
572.2756020890401 1071.9432595836447
575.4022846100713 1075.0068680021561
578.5504304456842 1078.0124399557408
581.6634162390425 1080.8106291505203
584.6635197753994 1083.0135012954906
587.5428689178248 1084.6429342717508
590.3051981327178 1085.7017941913946
592.9485607684487 1085.8807455717617
595.4873861350693 1085.3876778521362
597.8978168837343 1084.422915030555
600.1704052855929 1083.2073104886456
602.3922073823788 1081.954329436979
604.5921282739149 1080.7291198703206
606.76167310235 1079.818279477621
608.899415530219 1079.1792057533926
611.051361667849 1078.144462723927
613.1559707732229 1077.0946582185493
615.2422434117458 1076.2048226212064
617.4184308890468 1075.0568438364642
619.5939806640371 1074.2083447894595
621.7017779177033 1074.0310742797183
623.7358076469407 1074.3168011315086
625.6940908580096 1074.859677689485
627.5591185455239 1075.5397004177487
629.4802743079017 1075.9190964728753
631.5688918436581 1075.9935945843777
633.7671125903942 1075.9561630026778
636.0402435098569 1075.3954177391788
638.3735237220901 1074.0889494545052
640.82111722678 1072.3004012890237
643.4111042458238 1070.438723520223
646.175593019768 1068.8386415281473
649.1975654340938 1067.4278442471793
652.3110689661172 1065.8871660372893
655.3075467812824 1064.3084689878506
658.2440199181881 1063.0227174862143
661.2981370399954 1062.084151542993
664.4121674550452 1061.2780794850075
667.5645468529201 1060.6067899804518
670.9143432695676 1060.1940022853698
674.4517062694023 1059.730983253172
678.1765120633818 1059.1570831416223
681.9206025789424 1058.7745775360568
685.5330368088132 1058.7130060576112
688.9780471288046 1058.8031192296683
692.3088853804693 1058.9347453442583
695.4638609588521 1059.1915540509021
698.3755891924201 1059.6738968909035
701.2445368265124 1060.585481259188
704.1415132175488 1061.89356424711
707.1247789454613 1063.5034662082237
710.0297032317567 1065.317083220685
712.6635158905539 1067.0629138444872
715.0752591901869 1068.484237421363
717.4360651778322 1069.4025237585618
719.8954713875603 1070.0079260838108
722.4149258284962 1070.670086171549
724.8270673636122 1071.6985981470116
727.0418893352997 1073.4590148227455
729.0917391578591 1075.654363965274
731.0274746723862 1077.8949177554152
732.9140280259119 1080.0624620538836
734.738308813877 1082.0611979866792
736.4674502562116 1083.8126963579375
738.0667918836923 1085.1488137977503
739.5445655076898 1086.1206757746343
740.9276878980188 1086.997652300048
742.2800435094202 1087.9565493127755
743.6997075641123 1088.9909839357708
745.2354377997498 1090.0697513810937
746.8918897036862 1091.0668510943076
748.5531826026743 1092.0665805150152
750.1412844674477 1093.163872558065
751.9223684622532 1093.149138751784
754.0465799123507 1091.2558936384135
756.1761009058297 1088.9832680513919
758.3332014279358 1086.275564274806
760.8579284771059 1082.4583841899816
763.7813648739634 1078.3447704269502
766.8884386568786 1074.6555484446255
769.9537046177928 1071.6692160170567
772.8902233827058 1069.3084727413154
775.8668215237785 1067.5293353554825
778.9859374890264 1066.5177125621035
782.157906338697 1066.261457003134
785.4443608115625 1066.292958216448
788.5756042334792 1066.3147910549517
791.4041938257619 1066.4470775791644
794.5061520497819 1066.5565366143194
798.1727820077035 1066.2888043700132
803.2229175694591 1066.0724999805504
810.0914741330704 1066.1896680205155
818.2344978279657 1066.465127498126
827.2753322544104 1066.7952636150505
836.6220926149585 1067.0480137451061
845.9772150573792 1067.1504705743523
855.5300476862957 1066.9910915577304
865.1252305788145 1066.5737853824403
874.5674960546701 1065.8095133059144
883.9653471081631 1064.6416586916193
893.3195193209066 1063.1415422018963
902.5974462337343 1061.2952472693503
911.8252166529962 1059.062384561805
921.0108009626713 1056.6948828844688
930.0551817589997 1054.3065075605778
938.8219609171803 1051.810887622836
947.2399079663668 1049.1756103062883
955.3544514123669 1046.2204244555353
963.1263240606347 1043.1088948930744
970.3812697470103 1040.0303648365693
977.1628648780151 1037.074115307944
983.5804125204978 1034.547970977489
989.6766915049311 1032.6737226530508
995.407990000538 1031.3058817719286
1000.6119036815846 1030.1114719118013
1005.3928427919191 1028.9222572937272
1009.8815719903018 1027.739615583044
1013.9487652111491 1026.3672190670209
1017.6160007411836 1024.6964709941624
1020.9975880450669 1022.585476859688
1024.0519648815932 1019.9363939372713
1026.8172350641903 1017.3155741564901
1029.3244269208253 1014.9668292871507
1031.6381568963868 1012.5541055282736
1033.8502395653513 1010.0180485268191
1035.9684773443935 1007.5869921794272
1038.0494518281182 1005.3297041549328
1040.0092833288118 1004.3872934296573
1041.7885518281942 1005.4871612111019
1043.41205166698 1008.010662339166
1044.8772591715306 1010.2355431215979
1046.262503266355 1010.9927391094435
1047.617655614868 1010.8358819485669
1048.9210061883446 1010.1607843434136
1050.0965786506579 1009.2418743894933
1051.101131446477 1008.2980261938103
1052.0103609948333 1007.3824568436221
1052.87781729878 1006.5056079274823
1053.792009190041 1005.6519817607814
1054.7700394825163 1004.8338400733547
1055.7476229619856 1004.123853399605
1056.657607325538 1003.3743772619092
1057.457375526724 1002.6517794874443
1058.220969627038 1002.2074139170451
1059.0115240812065 1001.9850912162008
1059.8141554646504 1001.7629171260643
1060.591899901495 1001.4393631713881
1061.32370272039 1001.1248708765688
1062.0291517530366 1000.9364092826805
1062.7094112013497 1000.864959837562
1063.3746517991644 1000.8569415490095
1064.0798924289716 1000.8813777879774
1064.8529366181608 1000.7628514257797
1065.6342293124696 1000.4496262118554
1066.30031459118 1000.2056229362179
1066.8894234820593 1000.1604945466411
1067.4889942027703 1000.4424232335776
1068.235167537302 1001.2392608170146
1069.4849250332024 1002.6954131766022
1071.2743374404326 1004.7910004500413
1073.4940956803803 1007.5119401254459
1076.2175550333793 1010.6264530982914
1079.2901616670392 1013.7916787569808
1082.5258722091014 1016.9754613965065
1085.9310115950332 1020.4103943109458
1089.4412350757977 1024.088995023336
1092.941527148147 1027.9498885295966
1096.4817289914317 1032.1166678130066
1100.8920048381515 1035.8802423921725
1106.5216278226726 1038.5493174256526
1112.9193985088361 1040.4145182781697
1119.8322600724168 1041.5642030563454
1127.0343892309597 1042.265232737012
1134.3885236752367 1042.717070576415
1142.1175900694159 1042.7230625607094
1150.184835203269 1041.7494391669752
1158.3913936602494 1039.676536921429
1166.9884678108335 1037.0967658895977
1175.8974375979421 1034.392374635062
1184.8099278783604 1031.8816011535082
1193.573071514259 1029.5572950060957
1202.0080078085603 1027.5055179869073
1210.0455165078552 1026.3662497604532
1217.7054830362931 1026.3463227535374
1225.0177974341495 1026.9730985660808
1232.0210931301538 1028.015116169029
1238.5932333953508 1029.4579947638972
1244.6646683647905 1031.3008169884251
1250.3215395126083 1033.540845185699
1255.5285651183726 1036.0308125027095
1260.2374342681387 1038.662753382089
1264.453492683844 1041.3635757754262
1268.2554417596461 1044.0177176288416
1271.7314629001257 1046.6334893535873
1274.827146750079 1049.2235207628432
1277.5216000315158 1051.610196352039
1279.8597786517062 1053.6373473933393
1281.8945777358638 1055.3497793773395
1283.7255534063934 1056.819369225459
1285.365402963518 1058.1588336950938
1286.7886002130163 1059.3166712912116
1288.1137232295634 1060.236796987984
1289.3776210828494 1060.9605922108562
1290.5895501679954 1061.4908300239667
1291.783819063612 1061.893812457768
1293.0642315567052 1062.2204809123637
1294.494151246493 1062.483692323961
1295.9966386328879 1062.683051167032
1297.4848089938887 1062.8058612157474
1298.9498065145028 1062.8334487791183
1300.4355238246262 1062.766337707942
1302.0100151776728 1062.7360465229085
1303.7552286408384 1062.8800066683652
1305.6784985117838 1063.0027541778563
1307.6864455640068 1063.0166713645976
1309.70356747194 1063.0362104886826
1311.7774126946556 1062.9939772967307
1313.876432894477 1062.9002454936272
1316.210077606409 1062.147125256414
1318.908353234768 1060.2688773054729
1321.8428754697018 1057.5772786230773
1324.8641833301315 1054.2253167969025
1327.5602185652117 1051.3395460601537
1329.7472385149604 1049.8329282525576
1331.673334264818 1049.3178865925724
1333.5166045792685 1049.464134973159
1335.3031221748047 1050.227794993137
1337.0756534326715 1051.2604018191741
1338.7510686289063 1051.9941693310755
1340.3313028427178 1052.4196841501762
1341.9537517434278 1052.8353757277607
1343.6014606699327 1053.2664370587088
1345.261390119373 1054.0135093802528
1347.1784759714374 1055.3738811747012
1349.4274393872722 1057.4821478038423
1352.0345702985207 1059.2936621075564
1355.2097065139656 1060.0844210533776
1358.930315406997 1060.2044491471172
1363.0879506817282 1059.7910094221597
1367.5960355979869 1058.9945662812152
1372.31978940686 1057.8126457151886
1377.135180485553 1056.0969683897013
1381.9561432542341 1053.7621796706815
1386.7248967999426 1051.071727282611
1391.457463932274 1048.2260400917473
1396.1167962376155 1045.3202995703991
1400.65112517134 1042.6639430077864
1405.0317778003282 1040.4139733822801
1409.21169544243 1038.5479099373918
1413.8423931746381 1037.281818794581
1419.505742863782 1036.7341607132005
1425.9696260167275 1036.5757035440529
1432.9019686203578 1036.470721248593
1439.9993176258008 1036.4371603673546
1446.97455485328 1036.5015885933337
1453.712111004457 1036.4835923910873
1460.1777760552166 1036.5174134001702
1466.2932474314375 1036.7020168172241
1472.0616636106113 1037.0242060543783
1477.4764942304355 1037.5603495389687
1482.33763481303 1037.8263061932967
1486.6276847470253 1037.7002561428037
1490.4603007781209 1037.6521818750286
1493.7938919949959 1037.598552764978
1496.6739793659356 1037.2474792589107
1499.2945962046624 1036.732955714204
1501.7080980053215 1036.1535997883382
1503.9389695387633 1035.4289760783881
1505.9894737730178 1034.3720634311114
1507.862888993572 1032.969121599014
1509.5854800411814 1031.5732532092843
1511.2592841607664 1030.214247401585
1513.2022630312595 1028.8320311873592
1515.4808121784133 1027.5360674590534
1518.0001983296197 1026.2397779040505
1520.6631505440298 1024.9270402435395
1523.3355412069805 1023.6919392967349
1525.973456419876 1022.5650919624868
1528.4429274825961 1021.5276581059195
1530.5907526664016 1020.7731997868045
1532.3994802368386 1020.3159207572356
1533.9627335558544 1019.9127422963468
1535.4963985135264 1019.6128628102713
1537.0843254597025 1019.4261365667793
1538.6612789590745 1019.2010812354663
1540.1789333388263 1018.9446507385652
1541.7514682570404 1018.693257578809
1543.381530186353 1018.4786081360021
1544.9164138726492 1018.3304786828257
1546.2824853139984 1018.015373974664
1547.5049072181291 1017.2774579719063
1548.733969972027 1016.1145374669945
1550.1776177445197 1014.7345459134802
1552.0852267428388 1013.0528975845227
1554.444013721729 1010.7678040093984
1557.13755873242 1008.0421311164594
1560.1113400854383 1005.3059255106585
1563.1662173329173 1002.8829528174105
1565.800605429359 1001.3638875711252
1567.8135854406273 1001.1322036473179
1569.902922323233 1001.1994203048431
1572.5764513737756 1000.8509689697619
1575.6489613966908 1000.4738346683905
1579.072465472011 1000.031955790355
1582.9969597905697 999.5558607149318
1587.4603269865784 999.3211465631018
1592.5032716105643 999.4311259794795
1597.9411723488058 999.9359594368373
1603.5924246890972 1000.9591917383985
1609.566517006879 1002.6450933483777
1615.9429415957434 1004.8837634418672
1622.604785775321 1007.6171687591344
1629.4069887047513 1010.6276409757736
1636.2146085207842 1013.5650523021748
1642.87285465903 1016.3510827685235
1649.2770070576823 1018.9516931984141
1655.3742532808158 1021.608813950749
1661.136610348907 1024.397176181213
1666.620379587697 1027.1119593841026
1671.8323978883811 1029.8044431973979
1676.6396943468399 1032.48029494322
1681.035507299769 1035.2552982152602
1685.1350522510095 1037.408862299526
1688.8639466975803 1039.1977703546718
1692.2561233960294 1040.8663155680813
1695.4227568205679 1042.5589919573151
1698.3975822190255 1044.3611433751228
1701.2034233471682 1046.3461196391481
1703.7421794677043 1049.3292851358692
1705.9172631561055 1053.3401093115497
1707.8919231646369 1056.750880116069
1709.8585768458684 1058.6222831411826
1711.6334010592436 1060.4543242598593
1713.1967228791211 1062.0261732106808
1714.5524071635123 1063.3429809847798
1715.793542957332 1064.5621340927908
1717.097450792012 1064.7159308266432
1718.4189193334887 1063.7885131518474
1719.7634673404004 1062.034886351875
1721.1382922416763 1059.836340826074
1722.538233048638 1057.431019682002
1723.9299758762927 1054.7895268459447
1726.229628222578 1052.4533524635158
1729.100454136004 1050.2130812307284
1731.4451122306612 1047.4906628463527
1733.3232983921473 1044.3740839231953
1734.8062746819353 1041.0720835553275
1735.9185915894063 1037.8533301738237
1736.662234107935 1034.9441544778226
1737.0499838149349 1032.454567495127
1737.089548196515 1031.4479155924676
1736.8437681143698 1032.5977005896382
1736.429934510428 1034.1531609722367
1735.9741024308364 1034.641185361114
1735.5231964055145 1034.994336719931
1734.9057812778958 1035.540635274173
1733.8707222136009 1035.6462393537154
1732.4072720178394 1035.5887460398212
1730.6084410072283 1035.5795262041136
1728.0778971682241 1036.1245504963233
1724.3870461469692 1037.33166884531
1719.4758291340743 1038.2618188881506
1713.2425217678185 1038.0372927427657
1705.6027440436292 1036.3656399216106
1696.822415573556 1033.4593261068762
1687.0281890776766 1030.3296592109393
1676.2273776412112 1028.3253018588962
1664.6082190319903 1027.9662082296759
1651.4632802111335 1028.6142826984012
1636.36413697719 1029.271899993831
1619.871243263949 1029.3774311499074
1602.1641208995813 1028.7084581582676
1583.3138825816145 1028.1346023442372
1563.3322140554906 1028.7236723136461
1542.3376387618248 1030.3658320404015
1520.7492248867034 1032.395877342474
1498.923108853342 1034.6158922376433
1477.1438290872698 1037.3776536321768
1455.7247563202893 1041.3049718035345
1433.8727129974507 1046.1863944961094
1410.9176541109236 1051.174361958229
1387.3653320805988 1055.561758189214
1363.7928265596565 1059.0843882986144
1340.7140236532468 1062.685747201148
1318.305523344467 1066.8214596215169
1296.557992491443 1070.9027178134365
1275.3567581520206 1074.587552500633
1254.6555162874458 1078.0496029337578
1234.6008917530828 1081.299627904308
1215.1308804750042 1084.3612955320873
1196.3300851729373 1087.503718370223
1177.9471642008216 1090.7444055041908
1159.5487397313213 1093.9599991483851
1141.1493046734195 1096.9470527527697
1122.987805680616 1098.9881807068473
1105.3044403349736 1100.4816078755237
1087.485393830201 1101.2087725160084
1069.027736457637 1100.9315429280039
1049.675664497809 1100.4619649550998
1029.1070033653216 1099.8214871326197
1007.6500321341632 1098.9083901538818
985.9879867867969 1097.8105040119403
964.4082319803399 1096.8163744115127
942.7466973056794 1096.1805185991814
921.1093331395143 1095.6033475139502
899.8083133553278 1095.0142858492093
878.8831691164345 1094.8771089684124
858.3830961626606 1095.0301932142736
838.479773158839 1095.5110488268524
819.2868627184572 1096.7245987596684
801.0558401748112 1098.134584992224
783.8301780299798 1099.8961232146376
767.5362717987814 1102.3951853664473
752.2471051309468 1105.0867214484035
737.9828868259264 1107.6266701266984
724.2337615022915 1109.7732480942327
710.5621671859902 1111.3149066425026
697.1681317775601 1112.1979277057387
684.1416114985728 1112.3304303356585
671.4169314593814 1111.9144212975589
659.0439621077277 1111.0715698992562
647.1429596367757 1109.5631986088856
635.9411161170477 1107.475665799256
625.4896704093908 1105.022240222173
615.677133177679 1102.539886423448
606.4494523543566 1100.4239465564312
597.7953094172686 1098.6113958949365
589.8030033830787 1096.9128242190845
582.5013974341167 1095.245530116678
575.8280726864431 1093.4739893522767
569.7070427419209 1091.4530732106282
564.1174113853833 1089.3031056507098
559.0845780548092 1087.1885729646237
554.592656725716 1085.2380302811202
550.5743094887192 1083.5443673761936
546.9835400857698 1082.0235162995057
543.5998170532159 1081.0641791926407
540.4370388095372 1080.3613108345469
537.3669890542434 1079.7067034971972
534.5370713834265 1079.0617052835157
532.3624338127871 1078.0266160393148
530.8089917119887 1076.5397798787792
529.7545160782356 1074.6388380517785
529.0479455868305 1072.4896309324029
528.5594850746157 1070.2078248543626
528.2541579192891 1067.9818100249352
528.1471262575072 1065.8644225783012
528.2421717158737 1063.695888134993
528.5917579967728 1061.5326211057322
529.1760611904964 1059.5164589598576
529.901588674564 1057.5736840860998
530.6299690341391 1055.8223009858
531.3326825650407 1054.4430441494005
532.1386894477156 1053.3486127736276
533.0188818886364 1052.462724759318
533.8985483319798 1051.7200523570557
534.8248499571672 1050.9850264162687
535.8068789465033 1050.2889600343383
536.779743830723 1049.7084550042305
537.6928111782296 1049.2503748311133
538.5598592893317 1048.9023409476354
539.4068865379668 1048.707272047624
540.2483518087956 1048.7254762244597
541.1001361977432 1048.960968855492
541.9791987944532 1049.5401079634569
542.8460514854926 1050.5133356368638
543.6535967057365 1051.53131751339
544.4117416418114 1052.4466320955128
545.1279785932496 1053.1311784207087
545.7642709684246 1053.5459836498496
546.3535455185385 1054.0695278352507
546.9709597570419 1054.827944802734
547.6446117072159 1055.8187901087838
548.4215311041094 1057.2991215520537
549.7951168983136 1059.3301312156743
551.5551274578179 1062.0404818733075
553.1216420803461 1065.3168988830937
554.5073906516869 1068.8294519884
555.7210891183188 1072.60028315762
557.2802637625091 1076.6500714988306
559.5358737650552 1080.7959353288732
562.3091822655732 1084.7983767711162
565.4458039857631 1088.4442372794429
568.7775753640329 1091.5410670593237
572.1562694616384 1094.0357908029061
575.5021973926143 1096.1971662028018
578.7780320663228 1098.0936625525765
581.9254764690684 1099.7163695606378
584.900505458994 1101.3290784165274
587.6854073513297 1103.0849219636937
590.2827548355635 1104.8365614757668
592.7259591596628 1106.3889896901953
594.9963049845379 1107.8162620695412
597.0713266443817 1109.16775543292
598.9979502591261 1110.5268663727243
600.8292697613921 1111.8796442774155
602.5833467564248 1113.2949319133031
604.3443145031656 1113.8474657772736
606.2007672902547 1112.6590295562196
608.089015459578 1111.1183787865143
610.0292975969096 1109.4406100582175
611.9580322266542 1107.9524227184922
613.7530093401725 1107.3493485244687
615.5746541085833 1106.2199337336601
617.5235050001525 1104.0365014002277
619.5614091654944 1101.3160610656685
621.7188687033415 1098.405906994649
624.0243828575111 1095.5028007458322
626.4461689782972 1092.5159126622718
628.91538242827 1089.283189701901
631.4216772635967 1085.874755614312
633.9528179251984 1082.4472475837244
636.4919909119316 1078.97915116259
639.1817922147544 1075.4592974984557
642.0638848031326 1072.044920513679
644.9949821508528 1068.7624569839165
647.9445056840316 1065.473850078626
650.8722877508308 1062.2062245706607
653.7736023253904 1059.216915570206
656.8293763229714 1056.7027821568963
660.1795364768149 1054.6496330966893
663.7425250277804 1052.96234482419
667.4856436141757 1051.3599999843766
671.4557456684782 1049.9064350368924
675.5676355805184 1048.8605200917614
679.7150648145259 1048.1557968375362
683.8362305450113 1047.6644651183578
687.9090041644256 1047.2373994623142
691.9341326400152 1047.0136775558335
695.8171995093337 1046.8886387135
699.5106541554671 1046.5848421448247
703.315472849466 1046.3910330096653
707.2963163253679 1046.432162926219
711.3749210431674 1046.583899542778
715.4544585800712 1046.8892299151005
719.3515028904014 1047.19175578249
723.0531904569666 1047.5747124014913
726.5197723204024 1048.210188475779
729.7758029270165 1049.0686728192056
732.8656887747753 1050.3490435292476
735.7392637355075 1051.906587751918
738.3554619284199 1053.5803998720767
740.6098319251408 1055.4352198216918
742.491853739143 1057.276938999105
744.1217154165333 1058.7801585546651
745.5595202441912 1060.004296997374
746.848645787196 1061.0906352675165
748.0682400006884 1062.0318324789248
749.2636773183123 1062.8572910288797
750.3586376021209 1063.685715416781
751.485262757435 1064.579641914911
752.659535069062 1065.5430649168998
753.8118914532536 1066.3757159489764
755.0641528560593 1066.9693189077734
756.4477351522869 1067.473317327399
757.8663582944108 1068.1197608081884
759.2438860376616 1068.996175167283
760.904811636185 1069.6110881662355
763.0741210941997 1069.6088012563118
765.5913419216482 1068.944125681159
768.3576344868336 1067.809663330517
771.2688736632638 1066.3755272810702
774.2238865908017 1064.7492032124546
777.1838372376641 1063.1802603970475
779.9408757570443 1061.875461046414
782.354124620146 1060.8345900788795
784.5154292600384 1059.9868073603684
786.1554522540904 1059.8759308144658
786.9749242962135 1060.7170235891274
787.2717733211022 1061.9923730467042
787.1473759543875 1063.4628565466978
786.5530449416432 1065.0265515514163
785.7811834607398 1066.563797907416
784.9559502293603 1068.0354022225188
784.0069487577915 1069.2732366172063
782.9636207836994 1070.272456208298
781.9580485619466 1071.1219121104677
781.0479612591337 1071.8209133001228
780.3073164915329 1072.3686627990185
779.7952664889206 1072.965064977974
779.5564476147744 1073.905093940911
779.6953844876876 1075.2460229094977
780.1450295980497 1076.81956416149
780.9319140300703 1078.2879044581566
782.0429759537873 1079.2334814621956
783.4478932282592 1079.4996777939698
785.2525355078744 1078.9207036955581
787.4766218945553 1077.3616904463468
790.0305067664945 1075.06642309595
792.6384121115752 1072.813749356735
795.3901575338489 1070.8644222264722
798.5056571130443 1069.2465878016817
803.1067175155714 1068.413490030528
809.9449892725977 1068.4365169448017
818.39316113837 1069.1935817307533
827.9993705768638 1070.4629260671989
838.3292596716551 1072.0037738503875
848.7534327304262 1073.8640435359155
858.8893544327499 1075.9041786971368
868.773596816183 1077.9517646210213
878.4465531799432 1079.8385852173055
887.7576100243305 1081.4647144501637
896.622402703004 1082.8219147066186
905.0391946012976 1083.8589382111224
912.8441754455721 1084.4333388617504
919.9636567186286 1084.2483880695097
926.4553948274338 1083.4268677010925
932.46326045854 1082.102030895105
938.0816424998078 1080.4511651538517
943.3638914854788 1078.8468656735477
948.3426257886833 1077.1880607905987
953.0337852495024 1075.3216032313985
957.4485718329538 1073.4224349624612
961.517447427332 1071.625903293344
965.3269259926346 1069.9164000625144
969.1119649141452 1068.0777476067897
973.057207888242 1065.9406278011331
977.0923565118968 1063.5990289348535
981.0518806458539 1061.1710612731558
984.9552212668323 1058.630927948581
988.8957823472638 1055.9547903992368
992.8905672741923 1053.2012703920989
996.8631327008376 1050.5040994966776
1000.8014776969412 1047.9280229507374
1004.6913726132177 1045.3955142240586
1008.4789715213607 1042.92853415652
1012.1698254114185 1040.7280658305156
1015.7301567995145 1039.0829363262892
1019.237400232898 1038.0702253870065
1022.6770735544095 1037.538137207117
1025.7718615207011 1037.4838697905461
1028.418002475096 1037.7044329705507
1030.707966129279 1038.7786171354503
1032.7445393530631 1041.2432855314423
1034.566826199223 1044.7150925415624
1036.2460909830245 1047.8204935785875
1037.7910466487883 1049.5681779262643
1039.1469275929433 1050.2811852813593
1040.307650682494 1051.1803342879055
1041.2750077004748 1052.156554984938
1042.142912412239 1052.3265431408006
1042.9153406665423 1051.8683979059422
1043.5719851435774 1050.9278818094294
1044.2242400821942 1049.6187237319577
1044.9052127038094 1048.1633376860686
1045.5707844002463 1046.7019612562228
1046.1489292999643 1045.142601876669
1046.6435714123577 1043.5256124248792
1047.1201058654908 1041.8984400589964
1047.657016477406 1040.1996688678503
1048.3057009105082 1038.644389207009
1049.0714811766004 1037.5485527150308
1049.9367739169247 1036.8530737473436
1050.8163538873432 1036.3398989405016
1051.6443043823622 1035.8964848741161
1052.451357451642 1035.5797432474058
1053.2507368375288 1035.3427674345144
1054.0960471855408 1035.1115215377881
1054.9899547582368 1034.977150020225
1055.795511468603 1034.8996019857102
1056.4727977255436 1034.8565879141938
1057.1147586352888 1034.926375099304
1057.7974604751137 1034.983554518005
1058.5893063822605 1034.6778628348764
1059.5284425266816 1033.937702750938
1060.6376332588914 1032.9986300756686
1062.0221862773697 1031.840709389295
1063.6478264226296 1030.5597782106313
1065.4719774153011 1029.4132045251577
1067.3491310962067 1028.359849090222
1069.1598332771764 1027.7123218519414
1070.9857668187638 1027.9148401368968
1073.0395806098375 1028.9502924349658
1075.5098785559649 1030.719580618326
1078.306929539707 1032.847174700168
1081.3658522369044 1034.9853409512828
1084.8353080804602 1036.9029674837325
1088.4967218112358 1038.7610452298863
1092.0914361712878 1040.9647532493102
1096.7231436178697 1043.0527840941156
1102.9985996815387 1044.4091840034466
1110.3784829638812 1045.0372047050287
1118.4737512254778 1045.1085832292993
1126.8214618824913 1044.7758085998769
1135.132011034801 1044.4130427870205
1143.2138863474268 1044.0848453092453
1151.0032753414218 1043.3745974745718
1158.5493278756692 1042.3556305047593
1165.746063851002 1041.4051587540341
1172.5461338810271 1040.7254316908613
1178.9288259017612 1040.3266131422356
1184.955786070974 1039.975449931712
1190.6641311841358 1039.3786356846413
1196.0640599143812 1038.4860176939749
1201.2183540488074 1037.4219975705223
1206.1254204693769 1036.2953821988492
1210.7499641606896 1035.05482679268
1215.0526547684185 1033.7287656655349
1219.010764830027 1032.3374305114514
1222.5995297297416 1030.74345040533
1225.8824227406867 1029.0294685115148
1228.9353755775687 1027.4290083875765
1231.799105414177 1026.0291171953015
1234.4775191297415 1024.5869288544457
1236.9810157382813 1022.9661540021248
1239.3117971993538 1021.1855526897425
1241.4057300066654 1019.3459399795241
1243.2564425784806 1017.6005718995659
1244.934500119474 1016.0640930798163
1246.5046605782366 1014.8227783167357
1248.0227506377262 1013.8211715026379
1249.5123480911855 1013.0689633169907
1251.0556657752659 1012.6767697311334
1252.789313101413 1012.4838744153369
1254.6284626274166 1012.1151071379078
1256.4757464040295 1011.4584279451839
1258.336352111993 1010.6585374838393
1260.4197855958623 1010.3622102989327
1262.585517580259 1010.5942333800617
1264.6353729214536 1010.8290381954179
1266.70060340376 1011.1159487264836
1268.7352703006761 1011.5692851660637
1270.744850606261 1012.1567727926238
1272.817572717474 1012.7394497256596
1275.0391340577019 1013.2209387007866
1277.342357583965 1013.5031466114643
1279.5460463739687 1013.5770437856825
1281.5030134573697 1013.5985744251356
1283.1362548842887 1013.5513085390029
1284.478072826564 1013.1902988286785
1285.5785297514767 1012.389418894391
1286.4292173188303 1011.3674690458423
1286.9475069849095 1010.3015215576038
1287.0555136539635 1009.2286425173742
1286.7044292164924 1008.2110566976503
1286.0393883273478 1007.2807495392974
1285.1202384222515 1006.4074251851289
1283.8761150785315 1005.6617588428774
1282.4257743599298 1005.0695698277915
1280.8488635598464 1004.6957175356221
1279.0311683068062 1004.362633737797
1277.1387858288826 1004.2908255791743
1275.282228896335 1004.5847277874234
1273.3317683710359 1004.7556516863905
1271.3922398394916 1004.94659991397
1269.548683905725 1005.7246826167291
1267.652852137283 1007.172159584758
1265.7419258449645 1008.7432490459037
1263.904703281266 1010.0143417560178
1262.0580961854002 1010.8275058634321
1260.1746563342829 1011.2724972414088
1258.2961896382735 1011.421153587276
1256.4385358041002 1011.3713482443661
1254.5714834843072 1011.286572539037
1252.717683301937 1011.0104455544274
1250.8683669711386 1011.077612362839
1249.116975800404 1011.4650707446538
1247.676811770935 1011.6478574334666
1246.6335386842036 1011.8292821174576
1245.8590783873685 1012.2309412256104
1245.3700290764384 1012.826525802706
1245.2299917927824 1013.4262951811553
1245.3525933625256 1014.019602097741
1245.6060694953496 1014.7336813928772
1245.739204321333 1015.7072794213357
1245.7639453016836 1016.776492540941
1245.9044787585005 1017.7098640615299
1246.2444340532538 1018.5259857082749
1246.8151110453884 1019.3664178144345
1247.6499847098403 1020.2119405122343
1248.6603207615576 1020.9328160766444
1249.644087435112 1021.4072275250721
1250.4856750991448 1021.6744758240437
1251.2918910161397 1021.8953067201412
1252.1998670456817 1022.2823302954357
1253.2717800440614 1022.9111140762122
1254.417780887309 1023.7174078002972
1255.4742488622185 1024.6444072737154
1256.3042009453552 1025.5383056358505
1256.7608948178206 1026.289876267584
1256.8866480086758 1026.7823629438135
1256.902029157744 1027.0185085481585
1257.0165933246528 1027.138042435866
1257.358216821397 1027.2450167596128
1257.987785521996 1027.3894816905529
1259.1190898966747 1027.4796945991125
1260.8271263848758 1027.2121028423933
1263.0125044121544 1026.7710385122898
1265.6545077719065 1026.7480224936785
1268.5711886121667 1027.2436612372528
1271.5155690861952 1028.0167168475427
1274.6279342831567 1028.862754872675
1278.0874512585526 1029.7598471952972
1281.8045204524417 1030.7990707220524
1285.7273305837648 1032.069305557089
1289.8501557910813 1033.7702756456717
1294.1705129929182 1036.0038222914307
1298.6871557554587 1038.5194678742384
1303.3444670600493 1041.1803331886367
1308.0456346992792 1043.9718743978176
1312.6975654847108 1046.630575735209
1317.2344857147411 1048.964823148391
1321.5708097603328 1051.4014713250192
1325.640962200284 1054.2179913934353
1329.507662668826 1057.1992202802205
1333.1484551090587 1060.4046807143773
1336.544397337583 1064.3221907252862
1340.2040202808557 1068.3572064768646
1344.468495476865 1071.7555741163546
1348.7588582061899 1075.0405908846692
1352.588450065381 1078.5965673618375
1356.103790174814 1082.3448222871473
1359.4403217359322 1086.3824665602226
1363.0033667163027 1090.294772471718
1366.7421355363049 1093.9458354131853
1370.1814955038997 1097.601124971325
1373.2814347295039 1101.0146662094035
1376.1119829936047 1104.3806987712965
1378.744483412496 1107.8875243646567
1382.4842311041623 1110.3524335000939
1387.3150476291944 1111.0059860770316
1392.0153702015718 1110.2942428320619
1396.4932934158503 1108.5923701083918
1400.7447145207325 1106.3907971292567
1404.7320633903494 1103.8986318548716
1408.4478362063207 1101.2096946405609
1411.9059245140752 1098.480025934092
1415.1469734269465 1095.5137053474668
1419.008845127361 1092.5835222088617
1424.0685511106358 1089.9783900493762
1429.7862550045882 1087.426329414118
1435.8528718106386 1084.9542793927626
1442.1027462241386 1082.739313645739
1448.2879640484232 1080.7585169392617
1454.267186266892 1078.824128783322
1459.8678619196287 1076.9892700411324
1465.0640254050838 1075.4616224304991
1469.979767972533 1074.071618648669
1474.5843826710181 1072.629036673173
1478.7381612034349 1071.0016940871355
1482.432188930869 1069.1692809165875
1485.6999854752169 1066.8001179368405
1488.599348253605 1063.749658488308
1491.2957564051617 1060.613907278246
1493.8297098768253 1057.3754473001354
1496.154381593342 1053.732078027312
1498.2642492171722 1049.8913765273348
1500.1849192003447 1046.0373331891335
1501.952149345191 1042.181981121888
1503.5302368523796 1038.4778587317455
1504.8597958962725 1035.2144715409618
1505.90953282077 1032.6552751508707
1506.8310503952555 1030.9219962096392
1507.77754251593 1029.9622405351624
1508.640917522224 1029.3494482252324
1509.556356398349 1029.086280109262
1510.5982454762009 1029.1232428420951
1511.5299685562265 1028.945347005499
1512.4067374593628 1028.6913993059245
1513.447385880562 1028.6685167352612
1514.4244978412369 1028.6030088648217
1515.0810829448512 1028.2169607208928
1515.5533958343603 1027.7898512650263
1515.8990447347423 1027.2495846962313
1516.148658657895 1026.5949174668406
1516.3421308717911 1026.21673048907
1516.4812605563056 1026.0128911606023
1516.6049395833543 1025.8347166994988
1516.8268539424107 1026.0248875315792
1517.2550753105347 1026.5603079240866
1517.922351410882 1026.8845071512874
1518.750479563684 1026.820830825317
1519.6131608238138 1026.4242394125647
1520.4381303889745 1025.76019040642
1521.321315005722 1024.798367552608
1522.5573542740415 1023.8188217916033
1524.3923014284633 1023.2006177778021
1526.9320777314251 1023.0475383174438
1530.127279326731 1023.394552074185
1533.8319452317585 1024.068805969072
1537.9639847607796 1025.0996305826684
1542.439628515488 1026.6504747925194
1547.273887194167 1028.7317393001774
1552.6125359435682 1031.3532150221567
1558.5609894008899 1033.6565655021166
1565.0244167019112 1035.1375873313586
1572.0239983890704 1036.325792450027
1579.6309263490325 1037.508088794017
1587.539260194517 1038.6558422656035
1595.5052331834681 1039.5643340501563
1603.4238613300117 1041.1142053909603
1611.338323363005 1043.1204249500402
1619.2103115789146 1044.4933601594323
1626.8437817196077 1045.487598584776
1634.1988572304115 1046.7506763897693
1641.3007243276136 1048.4920758759645
1648.1724192428335 1050.5189633603009
1654.7800089285925 1052.6057938133702
1661.0004377958912 1054.5300230992252
1666.7965824068417 1056.1695650122494
1672.1436857122628 1057.5581009022237
1676.9615365270054 1059.4532433546003
1681.258309446242 1061.525353450416
1685.139310018686 1063.050390829428
1688.6692540847023 1064.1901129345401
1691.874013405699 1064.924485637839
1694.8049709734553 1065.8304099580193
1697.5852648653504 1066.91982800597
1700.1997341687068 1068.1612005927354
1702.5808677679113 1069.8556275894553
1704.806375514388 1071.2899055345856
1706.878853271175 1072.5138600160392
1708.7856291278015 1074.0019322259636
1710.5800981555099 1075.7277678288021
1712.2684443109324 1077.7631435403118
1715.0186174436244 1079.520995686117
1718.448509783773 1080.8699322202826
1721.2300793552718 1082.204736549572
1723.49169227315 1083.6421483465583
1726.4262365510035 1084.545003485464
1729.6879787423443 1085.1922558548426
1733.238126729507 1085.6866472010538
1738.0208081186827 1085.4888246986925
1743.5813511181882 1084.9539797237258
1749.5320055802063 1084.2064112198282
1755.609245883043 1083.2854601697825
1761.6184768535177 1082.3351834221887
1767.4371455928801 1081.5476489834045
1771.9454211824218 1080.5914954676473
1774.414546361153 1079.4194260704394
1775.3379348780925 1078.3046958279108
1775.0335508948847 1077.0142652056043
1773.674673867165 1075.3279656578602
1771.4388059972157 1073.4118021230515
1768.4829681584222 1071.3614927609203
1764.9384952536407 1069.1899340087393
1760.923363361138 1066.8837163431836
1756.0825684032804 1064.8495697031622
1750.2010726131678 1063.54243503599
1743.3580546074127 1062.6196919845313
1735.639652207689 1061.2766940185752
1727.1485058769642 1059.0342687769614
1717.8567109497753 1056.0818942998728
1707.8841224819269 1052.249517646658
1697.195737424073 1047.506374394117
1685.718713098214 1043.1289743734192
1673.6157054920184 1040.2541075514926
1660.5459221697815 1038.9869100943727
1646.29100540349 1038.7514433630786
1631.0903307172064 1038.3222528619908
1615.0656206661188 1036.9184609836811
1598.373312070396 1034.7999333733383
1581.0259326301689 1032.6235802327024
1562.865431032998 1031.0534530102207
1543.8369844101826 1030.4759395285653
1524.0440959507305 1030.7606957974388
1503.7388683679703 1031.630510835919
1483.192501164072 1032.982937320039
1462.6487552629087 1035.0134114594973
1442.4550209389265 1037.7684995739858
1422.058032130988 1041.0931810323375
1400.7780094929915 1044.674563835616
1379.1128435585365 1048.2994098784038
1357.779302345662 1052.2568563785846
1336.7994102539521 1056.633927250053
1316.0184007697399 1061.2203985895565
1295.4111518556958 1065.8073534660743
1274.941249334699 1070.2594922044134
1254.6742408113312 1074.5802519648846
1234.7206927462803 1078.7077762499555
1215.290964862227 1082.556863947822
1196.3007491243757 1086.1068365462552
1177.3950074022362 1089.362995310066
1158.4837720851103 1091.7658891820288
1139.8397906526507 1093.22696577471
1121.5472567154854 1094.5598500682452
1102.9951633518458 1095.231007821239
1083.7569004946713 1094.6139228771915
1063.4423705527197 1093.7843239830659
1042.0100663606688 1093.6211453018104
1020.0416896860881 1093.471163950356
998.012221430703 1092.7952267559351
976.1060283536324 1092.0857388804652
954.1416983879988 1091.5395033599543
932.335347098496 1090.8478617528438
910.8883010617986 1090.2321771446216
889.8462098250327 1090.3597444077209
869.2779233187593 1091.2179812526322
849.1517205143856 1092.353802688932
829.6420701635193 1093.6727716263185
810.8943723266868 1095.3091976601597
793.0362159517804 1097.196161127881
776.1733826770097 1099.396251058664
759.885328049638 1101.5790511780867
743.928121764671 1103.2398218954709
728.508792131557 1104.3356151433252
713.7518073908813 1105.002437646623
699.7711115559296 1105.3764430775625
686.6539687385481 1105.4677151952214
674.4332585500123 1105.3533872954142
663.086258411261 1104.9355144110684
652.5499567323982 1104.0993277017274
642.7903076498811 1102.9414414384532
633.7681606429501 1101.4718396717956
625.4699646985299 1099.8924263105737
617.9275124626915 1098.1777191826889
611.1139303786241 1096.2780135234273
604.9788167803898 1094.5096219577515
599.3909225006246 1092.9962147486813
594.2718116381152 1091.5581728566692
589.6424568150105 1090.1395224179694
585.5029409623792 1088.8508813324136
581.8249200812876 1087.5160990543584
578.5401667693422 1085.9570858642269
575.5913225367412 1084.2469316707777
572.8552009354006 1082.5012028285548
570.2887139745183 1080.8055246336992
567.9495102925406 1079.4008182903665
565.8764693988925 1078.457047528241
564.095723776208 1077.9047528174085
562.564979195082 1077.7908776296429
561.261699148062 1077.9365223199607
560.1614227547824 1078.2034900450744
559.1999064818191 1078.5576360092432
558.3839229375006 1078.832563247925
557.7056609107935 1079.0853490985414
557.0873344557859 1079.375710638441
556.5679076175118 1079.726654164997
556.1830401249613 1080.0974732144557
555.8546691864464 1080.4791149874945
555.5599074301934 1080.9849005820276
555.3738731607449 1081.526652595672
555.323050271673 1081.9607984067204
555.3550130558499 1082.412350857038
555.3737922093643 1082.922299558721
555.3868863843546 1083.1969680862258
555.4759671738528 1083.283211302765
555.6167432203546 1083.3859682251998
555.7596873995205 1083.5510043363277
555.9131657600261 1083.8564745273866
556.0750327804905 1084.357881697502
556.2349906567318 1085.1798378272254
556.44576086708 1086.2207083342241
556.6913669983222 1087.380147837862
556.9144869536337 1088.5425553429952
557.161972730575 1089.7045125766472
557.4464778719298 1090.9075221749285
557.741943208974 1092.1194863929236
558.0550866607291 1093.2674428122318
558.3964411592536 1094.1712107183366
558.7779081733661 1094.791994044122
559.1850624215017 1095.1438193126423
559.60239056573 1095.2943703777876
560.0345594053715 1095.2420015964058
560.5068323062912 1095.1132593861776
561.0355146021574 1095.0898030329759
562.0615626154431 1095.309352349751
563.8861644041799 1095.7682614717307
566.2882881174789 1096.4213360926792
569.0741349547109 1097.0917097873792
572.0941572478051 1097.5540177330033
575.2462915575272 1097.792342350415
578.5031601543153 1097.6847322944527
581.8289496556929 1097.2476392656824
585.1258582956369 1096.6804000603938
588.3141272482967 1096.053221253714
591.3595974588682 1095.2301670108125
594.2232352389245 1094.3055026022812
596.8991539065472 1093.6391395035357
599.4070203936946 1093.3311291302102
601.7433721472652 1093.367611871963
603.9324125704752 1093.7514582615984
605.9986284212997 1094.2484235155086
607.9019348861434 1094.7241985275655
609.5912667770834 1095.402960560002
611.0729389583155 1096.5374608012262
612.3597586094196 1097.8643177612291
613.4724899745767 1099.0746233779723
614.5014685730802 1100.0051775373367
615.4827833691594 1100.4149488457683
616.4544224707685 1100.1624297664441
617.4387188070051 1099.3546581249457
618.4006264995185 1098.1824703147297
619.3418442610077 1096.8770450504157
620.22413761297 1095.5579954247542
621.0749664360294 1094.159915925689
622.0212559127363 1092.7754191950216
623.1237239671403 1091.6459341626178
624.3640872394157 1090.9350338224256
625.665113410687 1090.4747186919478
627.0120299912179 1090.1508867715597
628.426766710127 1089.8900757775812
629.8534945174094 1089.61044245988
631.2872308734889 1089.4505179701546
632.7029604085768 1089.3997089097854
634.0093209370964 1089.2668456833746
635.2834989014315 1088.8382884374291
636.764488515758 1087.995565984708
638.5783541098745 1086.6941079082487
640.725325660475 1085.0958159993747
643.0627800197127 1083.2699672468045
645.4923382468969 1081.27771664802
647.981958708304 1079.3686655285617
650.4564513672933 1077.557214767006
652.8652141614648 1075.7831934623143
655.2083654639441 1074.192106786638
657.5060987946921 1072.8758378374164
659.7764210997251 1071.6984609248345
662.0363119977219 1070.665929366884
664.2833487993738 1069.845232341561
666.5547981981565 1069.2092301029384
668.8470108544524 1068.6687485965213
671.2059693689474 1068.291359128555
673.6622305886344 1068.288993304505
676.1578158968525 1068.5510776058777
678.6207311001646 1068.9817932071019
681.0585939738712 1069.5709942866874
683.3466035232074 1070.2135352350742
685.344852414137 1070.8042652167956
687.1055752531665 1071.2973152588338
688.6828011700179 1071.7335730527143
690.1645664894362 1072.0407223217899
691.6480526483072 1072.0342137999903
693.1251555300023 1071.7572939249728
694.6516805850246 1071.400768478754
696.3202123956812 1070.939875124607
698.3690159100502 1070.3936544451324
700.9069371454715 1069.870330720899
703.7448475075122 1069.4257876265974
706.7049274001214 1069.1874684280874
709.8270868916361 1069.264805113819
713.1791752901522 1069.5523934143607
716.595407092583 1070.0434452302914
719.8404436177182 1071.0627867681467
722.8461778820612 1072.7475982403935
725.6828056380683 1075.1078718938516
728.3779481169277 1077.9723110555915
730.859540665928 1080.8766493621754
733.1252819903287 1083.4872102554184
735.2656009885019 1085.6796893277476
737.2944126030051 1087.420952990924
739.1471553854008 1088.8774718588456
740.7504047701382 1090.3316709510145
742.1454380827823 1091.7186151545293
743.485930919937 1092.7394228208316
744.8134303022457 1093.3278230621295
746.014147785264 1093.6408905084088
747.0105304516486 1093.8855145393534
747.75964129277 1094.3011561070384
748.3784176824258 1094.9770280604405
748.9715462588331 1095.7746890057526
749.5403202415102 1096.634995047289
750.1335128249569 1097.750807151738
750.7069666612907 1099.1315568109835
751.1893328951713 1100.7565813970316
751.584887718758 1102.6041479556643
751.902713201638 1104.563766021792
752.1183937622023 1106.7917052787811
752.1837111327872 1109.346191198199
752.0342065050802 1111.953128834861
751.674085558055 1114.305025945358
751.1744574922001 1116.1573510184187
750.7025709144505 1117.2814976831332
750.3097750386524 1117.6452218896256
749.9812654345521 1117.6448810777592
749.7143953414213 1117.6608420576213
749.4895676175596 1117.9032522277905
749.3434050447514 1118.5910260691924
749.149112392394 1119.5646059862306
748.9270484224262 1120.464260203381
748.9073163826795 1121.2211936108406
749.3438010003848 1121.0679119849597
750.1329011697159 1120.0816078214743
750.9351297342737 1119.2449608190489
751.75142769917 1118.4324128981114
752.7007098463631 1117.6222336950734
753.772813078709 1116.8291522085988
754.8490391792686 1116.0671809188773
756.09505277374 1114.6985588698851
757.5051291386229 1112.9375557231015
759.1388282681057 1111.068978405754
761.1734454913096 1108.4942162786542
763.696988572125 1105.1608455309456
766.7983011122082 1101.0139653580366
770.3942391399981 1096.3385243561243
774.5193429000452 1091.3342825364605
779.1304772068529 1086.0432290522074
783.9466281543107 1080.7246200753227
788.5750025048332 1076.4517448152276
793.1407501524699 1073.1516525467969
797.6069134265402 1070.9624524960045
801.9152965220826 1069.8053205139356
807.0821150571597 1069.7193810447702
813.4812930184619 1070.8102302180926
820.4820034309312 1071.7999056910098
827.8757400041966 1072.6741592940607
835.5660437818475 1073.7146546578338
843.5142137454577 1075.2476017204078
851.5906375108941 1077.4452163318415
859.500420342864 1079.9696522428142
867.1162747792188 1082.728096843566
874.5505646319652 1085.6702606178744
881.772762618569 1088.5766892342622
888.4818915776974 1091.2349253141174
894.7242093832065 1093.6446667379444
900.7521697266802 1095.8969940421637
906.8344687492797 1098.0984411676502
913.0564369080066 1100.1975445070975
919.2200448730324 1102.130260230437
925.1873957343226 1103.923982867066
930.8409568789234 1105.5647105435046
936.1249938564779 1107.0852232755742
941.1412087682306 1108.5083804385908
945.915765132621 1109.791950830836
950.4001398035251 1110.9220996982237
954.5081580634355 1111.916148673712
958.0658834998121 1112.7896491642905
961.0136891985447 1113.5178055513743
963.4157717632775 1113.9981045356901
965.1842385547268 1114.2683119452554
966.165892948407 1114.3755321721012
966.5131089485844 1114.405200441975
966.5384534782823 1114.4998040609687
966.4715423715569 1114.637730598678
966.4126511155737 1114.909168684847
966.4738090833582 1115.3530920052933
966.6525524940021 1115.8120642823976
966.692027231412 1116.2248014889194
966.5496749617577 1116.5682417368794
966.3474428920362 1116.8307180099025
965.9302822108631 1117.0148515997078
965.0458149404977 1117.1914733989454
963.7666134783461 1117.3921450720786
962.2920039761041 1117.518243217602
960.724140601613 1117.5522700147685
959.1671125048191 1117.5694029147987
957.7512062543298 1117.5841147985416
956.4414147287158 1117.5469057438931
955.2209430156386 1117.3455038453396
954.1042203781955 1117.023456390039
953.1020329965221 1116.6274356194442
952.2740137002681 1116.1658598073482
951.5615610566471 1115.6244274478536
950.917455716427 1114.9656015634919
950.3931261668082 1114.2736867060835
950.0145462454146 1113.6355699063083
949.7105757963776 1113.047768569771
949.4475851288541 1112.5507410169607
949.201985646772 1112.202576204903
948.869430439779 1111.9185186391778
948.4013360304662 1111.6133591125435
947.8683533178572 1111.3142189603172
947.3088004350085 1111.036200144984
946.7380638992687 1110.729746399396
946.1535338899737 1110.3594765581934
945.5966636798895 1109.9785225669914
945.1358827789159 1109.6719818491451
944.8162897917244 1109.5147477763292
944.6704781561472 1109.5811053224618
944.585156584132 1109.8435949739826
944.4950367766246 1110.2308318606615
944.4127347180702 1110.7776939053715
944.2656696901174 1111.3845089150798
944.0447923471411 1111.9909695524648
943.7170750200834 1112.578584935434
943.2453056927106 1113.0934308687347
942.7130555904849 1113.5940267068486
942.2025968355574 1114.1619177124721
941.734476173494 1114.7618438766535
941.3190055478477 1115.311894076443
941.0061393957749 1115.7620874534514
940.8340133964924 1116.1205894073767
940.7380852895958 1116.4407029370313
940.7144182722193 1116.7001335155871
940.7394608942526 1116.9116104975642
940.7923517559328 1117.1334805269412
940.9624453829766 1117.5627917380923
941.312099598641 1118.2887215010169
941.831877654552 1119.1506642355657
942.4808525635839 1119.9284021479036
943.2309484910397 1120.5457029197407
943.9812891233113 1121.12155334728
944.6802193450391 1121.6115429808451
945.2402922622597 1121.9452730470186
945.626944089457 1122.1314993127003
945.8877355278382 1122.2995404195515
945.9855984451358 1122.4675815892028
945.722883593508 1121.6323406216586
945.02038437148 1119.2455210488893
944.3351975308744 1116.6096373461412
943.6669211255586 1113.8447103283283
943.0579148230481 1111.138685636342
942.5680491430088 1108.5168625159122
941.8865174342022 1105.537816350999
941.0179279609005 1102.5795644596271
940.0094076234003 1099.701819356337
938.8780028296027 1096.970231709875
937.654935514889 1094.3647712983093
936.3814360105441 1091.8984207150927
935.0708336518135 1089.4164329572902
933.7412232845904 1086.8624363284803
932.4207590389888 1084.3838989292087
931.1365148735495 1082.1174848526418
930.2446216856201 1080.65408441735
930.0241641000542 1080.2486674481368
930.2976373165652 1080.609566015363
930.5890681641062 1080.9633933934806
930.5961627237937 1080.7370581953867
930.3702611854105 1080.0839614016782
929.996961415919 1079.2365462540183
929.57437029174 1078.4546886978383
