3840.0 2160.0 25.0
person 886 971 635 1168
person 885 986 641 1146
person 889 985 628 1145
person 886 971 633 1171
person 889 964 633 1188
person 893 964 625 1189
person 893 961 621 1196
person 890 970 627 1172
person 898 965 611 1179
person 898 962 607 1184
person 892 974 626 1170
person 894 975 621 1160
person 897 967 610 1175
person 899 967 610 1177
person 900 979 612 1154
person 897 985 618 1145
person 896 974 616 1169
person 895 987 623 1147
person 897 981 622 1162
person 890 997 635 1125
person 890 995 633 1131
person 888 990 640 1141
person 892 986 626 1148
person 890 991 634 1139
person 885 989 642 1142
person 888 990 640 1142
person 885 992 647 1139
person 884 994 644 1139
person 886 989 638 1145
person 889 988 640 1149
person 891 987 637 1151
person 891 984 640 1158
person 888 994 647 1136
person 887 988 649 1144
person 888 993 646 1138
person 893 997 636 1138
person 902 994 623 1141
person 891 999 637 1126
person 896 998 629 1134
person 896 995 633 1139
person 896 994 633 1133
person 898 1003 624 1120
person 902 993 625 1138
person 901 993 626 1142
person 898 997 627 1133
person 899 996 627 1141
person 893 1001 639 1137
person 900 999 635 1132
person 905 997 620 1140
person 908 990 615 1156
person 911 1003 612 1129
person 912 997 613 1140
person 904 999 620 1127
person 906 999 617 1134
person 905 1000 617 1131
person 910 982 614 1156
person 913 987 624 1150
person 910 982 621 1156
person 908 982 627 1156
person 907 985 630 1158
person 911 980 635 1159
person 914 985 632 1153
person 922 985 630 1153
person 919 990 629 1140
person 917 980 631 1168
person 914 979 640 1171
person 917 978 637 1170
person 919 975 634 1168
person 912 980 646 1166
person 914 972 647 1172
person 918 973 644 1166
person 915 979 651 1154
person 915 983 651 1151
person 918 980 649 1159
person 923 993 645 1132
person 927 994 641 1133
person 931 1002 643 1125
person 936 1008 643 1118
person 930 994 643 1136
person 931 990 639 1143
person 927 991 637 1137
person 931 998 642 1127
person 932 995 642 1138
person 932 995 641 1140
person 925 993 635 1137
person 923 986 639 1153
person 928 994 645 1142
person 926 988 641 1154
person 923 994 649 1140
person 923 1001 651 1130
person 927 1001 651 1132
person 929 1006 647 1120
person 930 997 641 1135
person 928 995 647 1142
person 932 996 646 1140
person 928 997 648 1137
person 929 995 637 1145
person 930 994 645 1153
person 924 998 651 1148
person 928 993 648 1159
person 920 993 651 1147
person 921 991 655 1147
person 924 990 648 1158
person 926 995 640 1140
person 920 999 637 1134
person 915 998 624 1134
person 915 1006 639 1128
person 914 1001 632 1138
person 915 1005 624 1125
person 916 999 611 1129
person 923 999 626 1131
person 925 990 621 1145
person 924 993 610 1139
person 919 991 616 1147
person 914 1001 618 1125
person 914 1004 625 1120
person 914 1010 627 1111
person 909 1012 641 1108
person 914 1002 634 1126
person 917 1001 626 1127
person 915 1005 631 1120
person 919 1002 625 1123
person 916 996 630 1137
person 915 1000 634 1129
person 914 1007 647 1126
person 918 1009 635 1116
person 913 1006 650 1117
person 913 1003 644 1121
person 915 1001 645 1128
person 915 991 645 1152
person 911 995 635 1147
person 908 992 642 1151
person 911 992 641 1155
person 910 990 648 1153
person 905 980 652 1170
person 908 987 643 1158
person 901 994 643 1151
person 901 1001 643 1141
person 904 996 632 1150
person 910 998 632 1142
person 909 992 631 1155
person 912 996 631 1146
person 911 996 631 1145
person 911 995 635 1147
person 913 993 636 1153
person 911 1001 639 1144
person 908 997 631 1151
person 907 989 637 1169
person 914 995 628 1153
person 913 993 632 1159
person 910 992 632 1156
person 906 1009 641 1131
person 907 1008 640 1133
person 908 1005 644 1139
person 907 1002 639 1142
person 910 998 648 1149
person 912 985 645 1176
person 918 996 648 1156
person 914 1008 664 1129
person 914 1009 659 1130
person 914 1009 653 1134
person 917 1010 642 1133
person 920 1013 637 1125
person 915 1018 645 1116
person 917 1011 639 1125
person 919 1006 639 1136
person 914 1000 641 1137
person 913 1004 638 1132
person 914 1002 636 1131
person 915 1005 638 1128
person 914 999 629 1142
person 916 999 633 1139
person 910 1009 639 1124
person 913 999 639 1133
person 911 996 637 1138
person 915 1003 647 1127
person 916 1005 643 1121
person 914 1011 647 1116
person 913 1015 655 1111
person 910 1019 659 1103
person 913 1015 651 1105
person 911 1009 650 1111
person 912 1022 656 1086
person 911 1021 661 1086
person 912 1011 663 1111
person 911 1004 654 1123
person 913 999 654 1138
person 915 1005 657 1124
person 912 1005 669 1119
person 914 1004 663 1126
person 914 1014 665 1110
person 916 1018 676 1109
person 912 1018 663 1104
person 913 1010 653 1114
person 907 1021 658 1097
person 909 1017 656 1105
person 912 1012 652 1114
person 913 1011 648 1117
person 913 1014 655 1114
person 918 1008 657 1125
person 921 999 645 1138
person 918 1004 657 1129
person 917 1009 648 1121
person 917 1011 649 1122
person 914 1014 649 1111
person 913 1024 657 1095
person 918 1021 658 1097
person 914 1025 660 1090
person 914 1026 662 1094
person 914 1021 660 1106
person 909 1027 663 1092
person 916 1019 649 1104
person 916 1018 654 1103
person 917 1018 651 1098
person 913 1010 661 1117
person 918 1003 655 1127
person 922 1001 652 1136
person 917 1003 656 1130
person 917 1007 652 1125
person 916 1012 654 1114
person 917 1015 662 1112
person 910 1008 649 1122
person 913 1004 647 1132
person 913 1008 647 1128
person 913 1014 651 1117
person 918 1014 651 1119
person 922 1004 650 1140
person 922 1004 654 1146
person 918 1011 663 1137
person 922 1003 653 1144
person 926 1009 646 1137
person 921 1012 656 1128
person 919 1014 657 1123
person 922 1005 658 1137
person 918 1008 654 1132
person 929 999 644 1150
person 920 1016 689 1105
person 926 1006 653 1135
person 925 1011 687 1114
person 927 1018 693 1101
person 924 1016 703 1105
person 926 1023 693 1093
person 925 1016 677 1109
person 923 1023 695 1100
person 928 1011 670 1127
person 928 1002 670 1144
person 927 998 676 1153
person 932 1003 661 1132
person 929 1018 670 1104
person 924 1027 711 1078
person 928 1017 702 1102
person 926 1012 722 1110
person 933 999 731 1141
person 925 1013 772 1107
person 926 1011 747 1113
person 926 1011 756 1112
person 928 1019 769 1095
person 924 1013 791 1101
person 928 1008 740 1114
person 932 1009 723 1111
person 930 1017 754 1097
person 922 1019 776 1089
person 927 1018 769 1096
person 931 1014 776 1106
person 932 1011 741 1108
person 930 1018 754 1091
person 931 1008 743 1108
person 934 1008 736 1111
person 937 1013 757 1103
person 933 1009 763 1107
person 933 1016 763 1099
person 936 1014 760 1099
person 936 1016 759 1097
person 931 1009 752 1108
person 926 1012 765 1107
person 926 1016 775 1097
person 934 1017 775 1096
person 930 1016 751 1094
person 933 1024 760 1083
person 936 1022 757 1086
person 928 1022 766 1082
person 932 1024 752 1081
person 933 1025 779 1080
person 936 1018 782 1095
person 934 1017 784 1094
person 935 1021 787 1093
person 938 1020 785 1088
person 936 1014 796 1098
person 930 1022 777 1089
person 922 1017 799 1098
person 931 1021 804 1084
person 927 1022 800 1085
person 931 1017 813 1095
person 929 1017 788 1096
person 931 1022 789 1086
person 926 1011 799 1109
person 930 1012 791 1107
person 927 1014 769 1105
person 929 1015 775 1102
person 933 1016 783 1102
person 931 1028 789 1080
person 933 1027 792 1079
person 936 1015 778 1104
person 930 1016 787 1101
person 926 1022 778 1090
person 930 1024 794 1087
person 938 1029 780 1078
person 929 1027 774 1081
person 934 1026 751 1084
person 934 1033 749 1068
person 938 1029 726 1077
person 941 1030 751 1076
person 939 1023 781 1092
person 935 1018 741 1094
person 935 1017 755 1095
person 937 1014 730 1098
person 939 1014 752 1104
person 940 1013 758 1103
person 945 1012 747 1100
person 939 1010 752 1105
person 941 1007 736 1111
person 942 1015 759 1096
person 937 1024 787 1087
person 937 1027 789 1085
person 936 1026 758 1082
person 935 1024 750 1091
person 936 1019 774 1098
person 934 1024 831 1088
person 929 1041 840 1062
person 931 1039 861 1065
person 929 1035 821 1068
person 928 1019 795 1093
person 928 1022 795 1090
person 929 1021 809 1088
person 932 1022 826 1085
person 938 1021 821 1098
person 936 1027 828 1082
person 941 1022 803 1082
person 944 1019 769 1094
person 947 1004 720 1123
person 934 1014 756 1107
person 934 1011 742 1117
person 933 1013 724 1110
person 930 1031 678 1079
person 923 1011 643 1109
person 930 991 629 1140
person 920 997 612 1109
person 910 999 608 1106
person 901 985 619 1131
person 909 996 595 1108
person 866 976 579 1156
person 862 952 568 1191
person 861 948 561 1192
person 849 946 561 1195
person 847 939 537 1211
person 836 965 531 1071
person 807 953 552 1093
person 846 927 498 1234
person 841 970 501 1047
person 808 960 521 1066
person 808 967 523 1046
person 804 966 520 1038
person 793 983 516 1006
person 775 985 513 1018
person 772 986 506 1012
person 767 988 507 1004
person 755 997 519 989
person 736 994 498 994
person 728 986 506 1006
person 703 995 498 978
person 709 992 492 977
person 702 995 490 977
person 704 979 490 1004
person 702 992 486 981
person 696 1003 483 961
person 696 995 492 976
person 693 996 504 970
person 696 985 514 1001
person 700 981 496 1009
person 703 985 505 1011
person 701 994 491 988
person 696 993 502 989
person 697 990 508 992
person 692 1002 504 977
person 690 1005 507 962
person 689 1009 521 959
person 683 1006 521 964
person 679 1012 523 956
person 661 996 572 1127
person 667 1024 545 925
person 665 1014 539 942
person 669 1025 539 919
person 663 1028 541 915
person 665 1016 544 927
person 664 1014 541 929
person 665 1007 531 939
person 662 997 530 949
person 665 1005 523 927
person 659 1024 525 895
person 656 1025 517 892
person 623 981 484 994
person 624 981 478 992
person 632 974 457 993
person 633 964 454 1017
person 628 965 449 1030
person 622 958 453 1056
person 614 961 460 1057
person 600 966 462 1042
person 545 982 506 1019
person 544 988 502 1010
person 532 985 523 1013
person 524 980 537 1027
person 539 991 502 998
person 505 1006 534 960
person 502 1009 540 954
person 472 1006 575 947
person 474 995 582 983
person 462 1003 599 963
person 466 989 567 1007
person 463 1001 579 976
person 458 1005 556 982
person 461 1016 581 1096
person 468 993 565 1140
person 448 1003 576 1122
person 445 975 569 1168
person 437 988 568 1145
person 433 1001 563 1126
person 442 1001 561 1125
person 441 998 542 1133
person 412 971 550 1190
person 398 972 570 1189
person 390 965 582 1201
person 417 1005 579 1129
person 418 1015 579 1114
person 422 1003 585 1133
person 426 1002 586 1134
person 437 989 583 1156
person 440 993 590 1151
person 414 964 572 1204
person 447 988 598 1157
person 449 972 589 1183
person 438 984 595 1158
person 435 990 605 1148
person 453 1016 605 1100
person 459 1021 617 1095
person 479 993 606 1128
person 469 1025 583 916
person 480 1011 585 939
person 501 1032 568 903
person 560 1032 520 892
person 611 976 483 1007
person 638 952 453 1012
person 677 1029 494 874
person 716 1047 500 844
person 752 1049 511 867
person 762 1040 535 885
person 755 1046 567 856
person 774 1026 561 890
person 824 975 534 1159
person 850 1011 527 923
person 866 1008 512 903
lost 866 1008 512 903
person 966 995 531 979
person 972 1011 538 1118
person 1006 981 494 1182
person 1050 973 509 1189
person 1063 1014 510 1118
person 1100 1003 498 1133
person 1169 1025 469 1084
person 1228 1069 535 1035
person 1262 1054 471 1060
person 1286 1059 527 1059
person 1336 1035 526 1088
person 1359 1022 519 1138
person 1397 1015 546 1122
person 1449 1009 514 1137
person 1482 990 485 1154
person 1511 1023 479 1105
person 1563 966 462 1253
person 1584 969 473 1243
person 1642 974 519 1217
person 1656 1035 559 1136
person 1664 1038 588 1119
person 1728 1004 562 1186
person 1761 1013 648 1154
person 1843 990 520 1202
person 1906 997 537 1161
person 1954 1010 577 1148
person 1997 1010 527 1153
person 2039 988 503 1167
person 2067 982 530 1170
person 2106 1034 565 1126
person 2126 1010 566 1195
person 2172 1022 615 1158
person 2218 1057 639 1102
person 2274 1040 562 1172
person 2339 1053 571 1113
person 2387 1031 585 1157
person 2427 1050 564 1145
person 2516 1080 598 1069
person 2540 1075 604 1066
person 2610 1038 580 1120
person 2666 990 629 1199
person 2709 1033 574 1099
person 2789 1029 625 1124
person 2835 996 589 1193
person 2867 977 639 1267
person 2895 1023 569 1153
person 2946 1023 691 1146
person 3021 974 594 1220
person 3103 1011 549 1164
person 3125 1023 600 1125
person 3218 1009 501 1145
person 3259 1014 498 1126
person 3337 989 478 1202
person 3355 1003 488 1191
person 3395 977 417 1211
person 3432 998 384 1123
lost 3432 998 384 1123
lost 3432 998 384 1123
lost 3432 998 384 1123
lost 3432 998 384 1123
lost 3432 998 384 1123
lost 3432 998 384 1123
lost 3432 998 384 1123
lost 3432 998 384 1123
lost 3432 998 384 1123
lost 3432 998 384 1123
lost 3432 998 384 1123
lost 3432 998 384 1123
lost 3432 998 384 1123
lost 3432 998 384 1123
lost 3432 998 384 1123
lost 3432 998 384 1123
lost 3432 998 384 1123
lost 3432 998 384 1123
lost 3432 998 384 1123
lost 3432 998 384 1123
lost 3432 998 384 1123
lost 3432 998 384 1123
lost 3432 998 384 1123
lost 3432 998 384 1123
lost 3432 998 384 1123
lost 3432 998 384 1123
lost 3432 998 384 1123
lost 3432 998 384 1123
lost 3432 998 384 1123
lost 3432 998 384 1123
lost 3432 998 384 1123
lost 3432 998 384 1123
lost 3432 998 384 1123
lost 3432 998 384 1123
lost 3432 998 384 1123
lost 3432 998 384 1123
lost 3432 998 384 1123
lost 3432 998 384 1123
lost 3432 998 384 1123
lost 3432 998 384 1123
lost 3432 998 384 1123
lost 3432 998 384 1123
lost 3432 998 384 1123
lost 3432 998 384 1123
lost 3432 998 384 1123
lost 3432 998 384 1123
lost 3432 998 384 1123
lost 3432 998 384 1123
lost 3432 998 384 1123
lost 3432 998 384 1123
lost 3432 998 384 1123
lost 3432 998 384 1123
lost 3432 998 384 1123
lost 3432 998 384 1123
lost 3432 998 384 1123
lost 3432 998 384 1123
lost 3432 998 384 1123
lost 3432 998 384 1123
lost 3432 998 384 1123
lost 3432 998 384 1123
lost 3432 998 384 1123
lost 3432 998 384 1123
lost 3432 998 384 1123
lost 3432 998 384 1123
lost 3432 998 384 1123
lost 3432 998 384 1123
lost 3432 998 384 1123
lost 3432 998 384 1123
lost 3432 998 384 1123
lost 3432 998 384 1123
lost 3432 998 384 1123
lost 3432 998 384 1123
lost 3432 998 384 1123
lost 3432 998 384 1123
lost 3432 998 384 1123
lost 3432 998 384 1123
lost 3432 998 384 1123
lost 3432 998 384 1123
lost 3432 998 384 1123
lost 3432 998 384 1123
lost 3432 998 384 1123
lost 3432 998 384 1123
lost 3432 998 384 1123
lost 3432 998 384 1123
lost 3432 998 384 1123
lost 3432 998 384 1123
lost 3432 998 384 1123
lost 3432 998 384 1123
lost 3432 998 384 1123
lost 3432 998 384 1123
lost 3432 998 384 1123
lost 3432 998 384 1123
lost 3432 998 384 1123
lost 3432 998 384 1123
lost 3432 998 384 1123
lost 3432 998 384 1123
lost 3432 998 384 1123
lost 3432 998 384 1123
lost 3432 998 384 1123
lost 3432 998 384 1123
lost 3432 998 384 1123
lost 3432 998 384 1123
lost 3432 998 384 1123
lost 3432 998 384 1123
lost 3432 998 384 1123
lost 3432 998 384 1123
lost 3432 998 384 1123
lost 3432 998 384 1123
lost 3432 998 384 1123
lost 3432 998 384 1123
lost 3432 998 384 1123
lost 3432 998 384 1123
lost 3432 998 384 1123
lost 3432 998 384 1123
lost 3432 998 384 1123
lost 3432 998 384 1123
lost 3432 998 384 1123
lost 3432 998 384 1123
lost 3432 998 384 1123
lost 3432 998 384 1123
lost 3432 998 384 1123
lost 3432 998 384 1123
lost 3432 998 384 1123
lost 3432 998 384 1123
lost 3432 998 384 1123
lost 3432 998 384 1123
lost 3432 998 384 1123
lost 3432 998 384 1123
lost 3432 998 384 1123
lost 3432 998 384 1123
lost 3432 998 384 1123
lost 3432 998 384 1123
lost 3432 998 384 1123
lost 3432 998 384 1123
lost 3432 998 384 1123
lost 3432 998 384 1123
lost 3432 998 384 1123
lost 3432 998 384 1123
lost 3432 998 384 1123
lost 3432 998 384 1123
lost 3432 998 384 1123
lost 3432 998 384 1123
lost 3432 998 384 1123
lost 3432 998 384 1123
lost 3432 998 384 1123
lost 3432 998 384 1123
lost 3432 998 384 1123
lost 3432 998 384 1123
lost 3432 998 384 1123
lost 3432 998 384 1123
lost 3432 998 384 1123
lost 3432 998 384 1123
lost 3432 998 384 1123
lost 3432 998 384 1123
lost 3432 998 384 1123
lost 3432 998 384 1123
lost 3432 998 384 1123
lost 3432 998 384 1123
lost 3432 998 384 1123
lost 3432 998 384 1123
lost 3432 998 384 1123
lost 3432 998 384 1123
lost 3432 998 384 1123
lost 3432 998 384 1123
lost 3432 998 384 1123
lost 3432 998 384 1123
lost 3432 998 384 1123
lost 3432 998 384 1123
lost 3432 998 384 1123
lost 3432 998 384 1123
lost 3432 998 384 1123
lost 3432 998 384 1123
lost 3432 998 384 1123
lost 3432 998 384 1123
lost 3432 998 384 1123
lost 3432 998 384 1123
lost 3432 998 384 1123
lost 3432 998 384 1123
lost 3432 998 384 1123
lost 3432 998 384 1123
lost 3432 998 384 1123
lost 3432 998 384 1123
lost 3432 998 384 1123
lost 3432 998 384 1123
lost 3432 998 384 1123
lost 3432 998 384 1123
lost 3432 998 384 1123
lost 3432 998 384 1123
lost 3432 998 384 1123
lost 3432 998 384 1123
lost 3432 998 384 1123
lost 3432 998 384 1123
lost 3432 998 384 1123
lost 3432 998 384 1123
lost 3432 998 384 1123
lost 3432 998 384 1123
lost 3432 998 384 1123
lost 3432 998 384 1123
lost 3432 998 384 1123
person 3393 956 419 1243
person 3363 983 461 1225
person 3336 976 485 1242
person 3317 1000 494 1179
person 3220 926 578 1297
person 3233 968 520 1191
person 3141 935 601 1232
person 3143 960 506 1206
person 3092 987 498 1169
person 3032 987 522 1186
person 2928 932 565 1258
person 2914 977 558 1211
person 2862 1019 595 1137
person 2810 997 623 1171
person 2767 1014 620 1145
person 2742 982 528 1189
person 2636 981 527 1173
person 2617 1009 507 1130
person 2597 1008 490 1138
person 2540 1004 501 1125
person 2490 1007 505 1107
lost 2490 1007 505 1107
person 2330 954 564 1183
person 2342 1005 520 1106
person 2314 1025 539 1064
person 2235 1031 592 1057
person 2158 1024 578 1079
person 2157 1092 569 986
lost 2157 1092 569 986
person 2009 1053 590 1027
person 2013 1078 566 995
person 1978 1096 594 980
person 1957 1059 565 1040
person 1901 1011 556 931
person 1874 969 478 1197
person 1854 1000 491 1132
person 1746 960 553 1224
person 1767 982 513 1002
person 1754 987 495 980
person 1693 943 503 1057
person 1625 963 491 1207
person 1581 993 525 1149
person 1551 987 506 926
person 1504 978 465 922
person 1473 964 472 999
person 1417 965 504 968
person 1368 945 517 1026
person 1306 947 542 1017
person 1282 937 524 1049
person 1230 989 563 979
person 1161 981 531 967
person 1114 988 538 936
person 1071 1002 554 948
person 1024 1005 575 927
person 1008 1026 572 898
person 974 1038 557 1066
person 953 1023 558 1085
person 814 1008 626 1131
person 775 997 596 960
person 782 995 556 954
person 747 966 581 1032
person 717 979 588 1010
person 714 991 568 979
person 665 1008 559 954
person 664 1008 564 1111
person 540 958 613 1037
person 489 1039 619 882
person 492 1036 558 886
person 570 989 497 1161
person 468 994 554 989
person 457 1005 552 966
person 411 984 587 1003
person 359 961 579 1226
person 364 947 556 1258
person 354 962 563 1223
person 209 1029 665 1112
person 189 1016 640 1130
person 162 1040 639 1098
person 170 1016 631 1145
person 150 1021 626 1122
person 128 1014 601 1146
person 99 1030 600 1117
person 92 1011 578 1149
person 71 992 556 1179
person 56 966 562 1221
person 66 978 533 1213
person 64 972 541 1237
person 63 963 533 1242
person 53 974 547 1227
person 48 960 548 1254
person 46 970 537 1252
person 48 1011 534 1182
person 41 1021 544 1154
person 38 1041 469 1105
person 51 1050 446 1078
person 51 1057 446 1070
person 47 1051 450 1080
person 48 1029 447 1112
person 37 1023 461 1124
person 45 1027 449 1117
person 40 1036 453 1103
person 35 1029 455 1120
person 35 1024 447 1132
person 30 1013 457 1136
person 35 1017 449 1132
person 22 1007 473 1150
person 27 999 462 1156
person 24 1001 472 1156
person 30 1010 463 1150
person 27 1013 464 1145
person 26 1011 468 1153
person 25 1013 465 1141
person 22 1025 475 1128
person 22 1017 478 1140
person 19 1024 481 1123
person 24 1011 474 1148
person 27 1022 467 1142
person 28 1023 466 1137
person 26 1031 468 1120
person 24 1032 469 1119
person 21 1029 473 1120
person 19 1022 481 1135
person 17 1033 482 1122
person 13 1028 484 1124
person 17 1032 477 1121
person 21 1035 469 1114
person 20 1032 467 1118
person 21 1033 467 1115
person 25 1040 462 1107
person 25 1037 462 1111
person 27 1038 457 1107
person 33 1035 450 1116
person 39 1037 440 1114
person 32 1028 450 1122
person 30 1027 454 1124
person 31 1031 454 1121
person 24 1025 471 1123
person 22 1024 471 1126
person 24 1026 469 1123
person 24 1031 473 1114
person 25 1029 470 1123
person 28 1031 467 1114
person 26 1028 473 1127
person 34 1016 466 1133
person 23 1030 470 1122
person 34 1021 464 1139
person 45 1010 446 1164
person 49 1004 440 1183
person 16 1011 485 1150
person 19 1015 479 1143
person 17 1018 478 1140
person 26 1013 464 1139
person 22 1002 470 1154
person 26 1000 470 1153
person 35 1009 454 1146
person 37 1002 452 1164
person 34 1009 465 1147
person 39 969 454 1223
person 36 977 455 1201
person 25 1014 478 1155
person 22 1010 489 1152
person 28 952 460 1267
person 28 950 459 1284
person 30 961 456 1251
person 41 961 437 1261
person 40 960 437 1258
person 41 964 430 1245
person 41 964 433 1246
person 34 975 442 1226
person 34 981 446 1209
person 18 1025 487 1109
person 31 990 453 1197
person 36 991 453 1204
person 36 988 449 1206
person 32 995 446 1184
person 34 1003 436 1168
person 33 1008 435 1158
person 25 1039 465 1102
person 24 1042 468 1103
person 34 1041 455 1104
person 30 1025 460 1109
person 26 1030 466 1101
person 25 1026 470 1104
person 34 1032 459 1097
person 40 1028 448 1109
person 33 1022 453 1118
person 34 1034 449 1102
person 38 1032 445 1108
person 35 1028 443 1118
person 30 1034 450 1107
person 33 1042 447 1096
person 35 1042 441 1102
person 24 1038 457 1107
person 24 1053 454 1089
person 22 1051 458 1099
person 16 1037 465 1128
person 13 1040 466 1125
person 14 1035 462 1131
person 18 1034 458 1135
person 14 1027 464 1143
person 16 1028 462 1137
person 14 1026 467 1143
person 20 1022 461 1145
person 16 1016 467 1156
person 21 1016 460 1157
person 16 1009 461 1167
person 18 1019 459 1155
person 20 1010 452 1173
person 22 1013 448 1170
person 21 1014 450 1164
person 22 1019 452 1155
person 23 1008 452 1171
person 25 1020 449 1153
person 23 1007 448 1172
person 27 1016 449 1148
person 28 1009 448 1157
person 27 996 448 1181
person 28 997 447 1173
person 34 1003 438 1161
person 33 1002 441 1156
person 29 996 421 1166
person 30 998 414 1163
person 33 1025 428 1125
person 36 1031 422 1129
person 28 1029 433 1129
person 27 1030 436 1124
person 25 1022 434 1134
person 35 988 401 1184
person 25 1012 435 1158
person 21 1008 442 1165
person 17 1014 448 1153
person 19 1012 452 1160
person 16 1015 453 1156
person 11 1006 458 1171
person 11 1006 456 1174
person 16 1013 447 1161
person 15 1021 445 1146
person 15 1026 444 1144
person 14 1031 441 1140
person 14 1002 444 1174
person 10 1005 441 1178
person 5 1002 451 1173
person 12 994 436 1183
person 14 1005 435 1168
person 12 1021 431 1138
person 15 1018 427 1143
person 21 1018 423 1142
person 1 1020 442 1118
person 1 1037 436 1090
person -8 992 447 1165
person -11 1024 450 1116
person -6 1042 444 1087
person -6 1056 440 1074
person 5 1065 439 1062
person -1 1072 440 1049
person 1 1070 438 1057
person -6 1049 444 1090
person -6 1046 448 1094
person 0 1040 452 1101
person 6 1031 449 1114
person 3 1036 450 1113
person 5 1038 449 1110
person 13 1036 440 1114
person 15 1048 437 1098
person 19 1051 429 1099
person 17 1057 426 1085
person 30 1077 416 1071
person 23 1072 419 1080
person 18 1068 424 1080
person 12 1070 426 1077
person 11 1079 424 1065
person 7 1080 427 1055
person 15 1082 423 1053
person 13 1080 425 1057
person 23 1084 419 1058
person 24 1095 422 1033
person 26 1110 423 1017
person 28 1125 420 998
person 31 1113 419 1014
person 31 1113 421 1015
person 18 1106 442 1029
person 22 1116 439 993
person 29 1113 431 982
person 33 1118 425 972
person 37 1102 420 1004
person 28 1102 441 1010
person 40 1114 428 996
person 42 1112 428 999
person 41 1113 427 1013
person 38 1112 435 1004
person 42 1111 430 1005
person 40 1116 434 1002
person 39 1109 435 1005
person 40 1111 431 1016
person 40 1110 433 1023
person 43 1120 432 1007
person 45 1113 430 1007
person 41 1103 436 1015
person 38 1101 435 1014
person 40 1100 435 1011
person 35 1100 440 1013
person 39 1113 435 992
person 38 1101 436 1011
person 37 1108 433 1005
person 38 1097 430 1021
person 34 1092 435 1034
person 39 1102 427 1026
person 38 1106 432 1011
person 34 1105 437 1015
person 34 1117 439 1000
person 32 1126 437 986
person 35 1132 431 984
person 35 1136 429 980
person 39 1132 426 983
person 39 1113 427 1007
person 36 1110 427 1016
person 29 1082 435 1053
person 27 1081 440 1047
person 23 1080 434 1059
person 23 1077 433 1077
person 6 1071 442 1098
person 4 1086 436 1083
person 11 1079 431 1084
person 9 1067 431 1098
person 4 1071 429 1095
person 0 1071 433 1097
person 6 1078 431 1087
person 7 1090 428 1074
person 0 1062 433 1111
person -1 1057 436 1114
person -4 1047 439 1127
person -2 1057 431 1119
person -8 1058 438 1119
person -7 1054 433 1119
person -15 1060 434 1113
person -13 1040 437 1138
person -20 1040 436 1144
person -21 1031 441 1157
person -20 1026 440 1163
person -20 1031 437 1159
person -16 1023 436 1172
person -16 1030 434 1161
person -20 1028 440 1163
person -16 1021 439 1168
person -13 1026 435 1159
person -12 1028 433 1155
person -10 1034 431 1153
person -11 1028 430 1162
person -14 1035 431 1152
person -14 1021 434 1175
person -13 1019 435 1177
person -18 1030 435 1160
person -12 1015 431 1179
person -14 1006 433 1189
person -23 1003 448 1197
person -26 996 452 1198
person -24 996 450 1202
person -18 991 440 1225
person -12 1009 456 1203
person -5 1007 447 1199
person 8 1021 441 1177
person 9 1012 446 1195
person 10 1018 448 1173
person 11 1019 455 1171
person 11 1022 454 1150
person 17 1034 461 1132
person 22 1048 455 1118
person 28 1034 451 1115
person 28 1035 458 1121
person 28 1034 456 1110
person 20 1029 452 1125
person 25 1051 444 1091
person 17 1083 440 1050
person 14 1094 437 1025
person 20 1087 428 1036
person 26 1126 418 992
lost 26 1126 418 992
lost 26 1126 418 992
lost 26 1126 418 992
lost 26 1126 418 992
lost 26 1126 418 992
lost 26 1126 418 992
lost 26 1126 418 992
lost 26 1126 418 992
lost 26 1126 418 992
lost 26 1126 418 992
lost 26 1126 418 992
lost 26 1126 418 992
lost 26 1126 418 992
lost 26 1126 418 992
lost 26 1126 418 992
lost 26 1126 418 992
lost 26 1126 418 992
lost 26 1126 418 992
lost 26 1126 418 992
lost 26 1126 418 992
lost 26 1126 418 992
lost 26 1126 418 992
lost 26 1126 418 992
lost 26 1126 418 992
lost 26 1126 418 992
lost 26 1126 418 992
lost 26 1126 418 992
lost 26 1126 418 992
lost 26 1126 418 992
lost 26 1126 418 992
lost 26 1126 418 992
lost 26 1126 418 992
lost 26 1126 418 992
lost 26 1126 418 992
lost 26 1126 418 992
lost 26 1126 418 992
lost 26 1126 418 992
lost 26 1126 418 992
lost 26 1126 418 992
lost 26 1126 418 992
lost 26 1126 418 992
lost 26 1126 418 992
lost 26 1126 418 992
lost 26 1126 418 992
lost 26 1126 418 992
lost 26 1126 418 992
lost 26 1126 418 992
lost 26 1126 418 992
lost 26 1126 418 992
lost 26 1126 418 992
lost 26 1126 418 992
lost 26 1126 418 992
lost 26 1126 418 992
lost 26 1126 418 992
lost 26 1126 418 992
lost 26 1126 418 992
lost 26 1126 418 992
lost 26 1126 418 992
lost 26 1126 418 992
lost 26 1126 418 992
lost 26 1126 418 992
lost 26 1126 418 992
lost 26 1126 418 992
lost 26 1126 418 992
lost 26 1126 418 992
lost 26 1126 418 992
lost 26 1126 418 992
lost 26 1126 418 992
lost 26 1126 418 992
lost 26 1126 418 992
lost 26 1126 418 992
lost 26 1126 418 992
lost 26 1126 418 992
lost 26 1126 418 992
person -8 1146 504 925
lost -8 1146 504 925
person 23 1076 450 1037
person 21 1078 450 1035
person 16 1097 455 994
person 20 1085 457 1028
person 21 1062 456 1070
person 22 1076 456 1053
person 27 1065 448 1083
person 22 1048 452 1099
person 25 1038 441 1125
person 25 1047 438 1117
person 30 1049 432 1125
lost 30 1049 432 1125
lost 30 1049 432 1125
lost 30 1049 432 1125
lost 30 1049 432 1125
lost 30 1049 432 1125
person 8 1071 442 1075
lost 8 1071 442 1075
lost 8 1071 442 1075
lost 8 1071 442 1075
lost 8 1071 442 1075
lost 8 1071 442 1075
lost 8 1071 442 1075
lost 8 1071 442 1075
lost 8 1071 442 1075
lost 8 1071 442 1075
lost 8 1071 442 1075
lost 8 1071 442 1075
lost 8 1071 442 1075
lost 8 1071 442 1075
lost 8 1071 442 1075
lost 8 1071 442 1075
lost 8 1071 442 1075
lost 8 1071 442 1075
lost 8 1071 442 1075
lost 8 1071 442 1075
lost 8 1071 442 1075
lost 8 1071 442 1075
lost 8 1071 442 1075
lost 8 1071 442 1075
lost 8 1071 442 1075
lost 8 1071 442 1075
lost 8 1071 442 1075
lost 8 1071 442 1075
lost 8 1071 442 1075
lost 8 1071 442 1075
lost 8 1071 442 1075
lost 8 1071 442 1075
person 32 1020 442 1133
lost 32 1020 442 1133
person 32 1029 450 1118
person 35 1037 448 1120
person 37 1042 455 1090
person 30 1028 441 1135
person 32 1057 449 1108
person 28 1051 459 1115
person 1 1044 671 1080
person 7 1024 679 1119
person 8 1011 698 1137
person 1 1037 692 1092
person 11 1011 686 1139
person 3 1020 695 1108
person 10 990 687 1152
person 61 989 614 1160
person 86 975 567 1195
person 98 983 575 1174
person 128 1001 602 1152
person 136 1030 711 1098
person 142 1025 713 1116
person 146 1035 734 1127
person 175 1057 701 1064
person 309 992 648 1236
person 321 990 646 1217
person 356 979 596 1252
person 382 990 589 1236
person 448 1019 560 1132
person 449 1022 599 1121
person 465 989 604 1185
person 502 982 595 1196
person 532 981 563 1169
person 542 955 555 1215
person 553 973 546 1223
person 561 984 512 1190
person 590 984 478 1166
person 633 965 574 1210
person 607 1012 465 1114
lost 607 1012 465 1114
lost 607 1012 465 1114
person 681 999 493 949
person 687 1007 513 898
person 702 1015 510 897
person 712 1024 491 863
person 722 1008 489 891
person 738 1013 486 903
person 757 1013 480 914
person 763 1032 489 864
person 767 1026 491 901
person 768 1028 490 889
person 768 1005 503 902
person 776 1002 508 913
person 786 996 510 933
person 788 997 519 937
person 825 1018 511 901
person 823 1013 522 924
person 855 1015 515 925
person 864 1001 503 958
person 869 1012 521 1098
person 879 981 526 1162
person 958 989 529 1139
person 999 984 490 1164
person 1030 1005 467 1145
person 1027 956 476 1212
person 1059 958 452 1200
person 1043 995 479 1131
lost 1043 995 479 1131
person 1111 1010 503 1112
person 1111 1013 526 1093
person 1133 997 520 1126
lost 1133 997 520 1126
lost 1133 997 520 1126
person 1164 980 522 1153
person 1165 962 532 1191
person 1181 1013 511 1100
person 1259 960 513 1192
person 1263 946 500 1220
person 1261 941 510 1225
person 1269 939 509 1233
person 1300 944 470 1234
person 1324 911 450 1297
person 1338 958 471 1209
person 1358 962 459 1195
person 1397 967 458 1197
person 1410 961 470 1198
person 1448 980 477 1159
person 1468 953 447 1207
person 1482 941 445 1226
person 1483 964 462 1179
person 1503 953 452 1193
person 1517 942 438 1214
person 1543 981 512 1157
person 1551 963 498 1189
person 1560 949 493 1209
person 1557 948 504 1213
person 1560 956 499 1213
person 1570 979 495 1165
person 1585 980 495 1166
person 1622 882 424 1359
person 1642 916 453 1309
person 1668 912 454 1322
person 1690 935 444 1282
person 1701 951 452 1242
person 1724 931 446 1269
person 1737 920 440 1283
person 1771 910 412 1303
person 1811 921 404 1260
person 1794 966 464 1215
person 1821 963 447 1219
person 1834 985 505 1171
person 1838 959 508 1200
person 1836 963 522 1224
person 1854 955 514 1231
person 1873 905 518 1312
person 1880 911 522 1300
person 1915 915 458 1296
person 1921 929 480 1264
person 1934 933 468 1250
person 1944 954 469 1212
person 1971 1004 505 1119
person 1987 993 512 1132
person 2016 996 496 1141
person 1999 979 519 1167
person 2000 1014 516 1122
person 2023 992 513 1171
person 2042 963 501 1205
person 2061 974 494 1163
person 2064 974 503 1173
person 2062 977 498 1170
person 2071 949 484 1238
person 2042 967 523 1220
person 2044 978 523 1189
person 2051 975 509 1176
person 2056 973 513 1176
person 2057 950 521 1206
person 2059 885 533 1336
person 2059 895 546 1306
person 2062 954 555 1205
person 2100 1002 577 1123
person 2139 958 504 1220
person 2139 960 515 1223
person 2150 935 521 1270
person 2149 965 539 1223
person 2153 972 536 1212
person 2147 964 549 1223
person 2145 936 552 1274
person 2150 933 546 1277
person 2149 933 540 1278
person 2113 930 614 1272
person 2138 912 534 1309
person 2141 939 515 1264
person 2133 954 523 1237
person 2131 930 516 1273
person 2105 979 567 1174
person 2102 965 559 1206
person 2094 1004 577 1133
person 2110 968 550 1208
person 2095 965 499 1191
person 2082 986 506 1160
person 2082 976 505 1173
person 2079 968 507 1181
person 2093 987 484 1146
person 2091 979 485 1165
person 2082 963 495 1191
person 2076 960 504 1204
person 2069 962 513 1200
person 2073 950 507 1221
person 2070 948 507 1224
person 2080 959 501 1212
person 2081 993 508 1141
person 2070 972 512 1186
person 2069 960 516 1203
person 2078 963 507 1199
person 2081 971 513 1186
person 2073 931 535 1266
person 2063 922 561 1270
person 2086 1002 596 1118
person 2092 1006 587 1119
person 2095 970 588 1185
person 2109 971 578 1181
person 2125 965 556 1210
person 2144 956 528 1258
person 2158 956 515 1254
person 2163 949 534 1283
person 2159 951 525 1266
person 2190 975 489 1201
person 2185 979 509 1194
person 2187 1000 513 1145
person 2189 1058 545 1039
person 2189 1021 549 1100
person 2246 1023 515 1082
person 2246 1052 540 1027
person 2266 1018 525 1105
person 2270 1024 528 1102
person 2264 1000 534 1143
person 2253 999 542 1151
person 2244 1002 561 1134
person 2247 1001 555 1134
person 2242 985 557 1169
person 2235 980 566 1178
person 2208 1001 591 1160
person 2200 990 593 1178
person 2186 988 607 1186
person 2163 993 635 1170
person 2169 964 619 1213
person 2175 982 597 1192
person 2179 969 577 1206
person 2179 970 556 1219
person 2150 963 562 1236
person 2108 969 602 1227
person 2097 957 606 1264
person 2073 1048 621 1043
person 2046 976 570 1213
person 2034 981 544 1199
person 1996 973 535 1222
person 2001 955 494 1247
person 1993 943 484 1271
person 1963 950 481 1257
person 1934 969 469 1227
person 1890 952 475 1247
person 1874 948 463 1261
person 1848 1045 492 1066
person 1800 991 483 1138
person 1799 975 454 1171
person 1792 963 430 1212
person 1754 947 439 1246
person 1704 924 453 1300
person 1654 942 463 1275
person 1628 961 448 1238
person 1614 1055 420 1075
person 1587 988 435 1191
person 1527 968 439 1185
person 1481 1002 479 1164
person 1492 979 440 1178
person 1442 951 443 1202
person 1350 937 487 1231
person 1314 955 504 1202
person 1285 1001 506 1133
person 1142 985 590 1155
person 1136 1016 581 1132
person 1128 966 567 1232
person 1119 978 529 1200
person 1087 990 522 1177
person 1027 970 501 1213
person 993 989 492 1178
person 838 976 593 1209
person 869 1002 539 1177
person 762 962 626 1188
person 751 950 610 1217
person 759 960 593 1207
person 759 1000 554 939
person 733 970 583 1002
person 642 1014 623 1098
person 659 1030 582 1068
person 647 1011 569 1092
person 558 958 583 1194
person 575 927 542 1257
person 541 996 513 972
person 539 995 495 965
person 557 906 497 1320
person 500 928 570 1267
person 463 936 584 1254
person 440 946 609 1234
person 405 970 622 1199
person 386 962 618 1203
person 379 985 558 1207
person 339 1066 600 1107
person 315 1088 644 1077
person 195 1051 674 1099
person 159 1045 680 1118
person 165 1073 651 1078
person 158 1090 658 1071
person 139 1061 643 1091
person 138 1025 619 1121
person 117 1030 618 1130
person 129 1021 599 1141
person 110 1005 593 1145
person 39 1005 701 1138
person 32 993 692 1162
person 23 1002 700 1141
person 0 1008 720 1137
person -20 995 738 1171
person -11 982 711 1178
person -2 977 697 1190
person -2 995 691 1162
person -4 990 673 1179
person -12 991 670 1178
person 0 1016 633 1148
person -2 1017 625 1145
person 24 991 486 1149
person 22 992 485 1135
person 22 1007 485 1117
person 16 1011 485 1113
person 19 1012 471 1122
person 7 996 477 1157
person 11 1014 471 1135
person 8 1024 463 1132
person 5 1033 463 1114
person 5 1043 463 1112
person 0 1039 447 1120
person 0 1039 442 1119
person 1 1045 442 1110
person 0 1048 441 1112
person -4 1070 440 1085
person 1 1059 438 1096
person -4 1057 444 1105
person -5 1053 442 1114
person 0 1060 440 1106
person 5 1054 441 1113
person 5 1058 440 1111
person 2 1065 436 1107
person 1 1063 436 1110
person 1 1068 434 1103
person 2 1065 431 1102
person 1 1065 432 1107
person 3 1063 430 1110
person 3 1068 431 1107
person 1 1071 435 1098
person 0 1068 436 1098
person 0 1067 434 1102
person 0 1065 436 1113
person 1 1063 434 1107
person 0 1067 437 1098
person 0 1063 433 1101
person 0 1062 436 1105
person 0 1059 436 1108
person 1 1049 437 1118
person -1 1048 441 1119
person -5 1056 441 1105
person -3 1057 443 1110
person 0 1051 443 1115
person -1 1051 438 1107
person -2 1050 439 1121
person 4 1044 431 1132
person 5 1056 433 1113
person 3 1048 432 1124
person 9 1049 432 1123
person 7 1046 432 1125
person 6 1048 434 1120
person 9 1060 432 1108
person 8 1059 432 1106
person 5 1053 430 1110
person 1 1042 432 1119
person 7 1041 427 1121
person 10 1034 425 1127
person 6 1022 429 1149
person 0 1033 431 1133
person 10 1032 426 1144
person 13 1028 425 1149
person 11 1026 422 1153
person 12 1036 423 1138
person 14 1040 422 1129
person 13 1038 428 1131
person 6 1039 427 1132
person 8 1043 428 1125
person 3 1042 425 1129
person 0 1040 428 1132
person 0 1038 429 1133
person 2 1043 430 1127
person 8 1041 427 1130
person 8 1040 426 1126
person 8 1041 426 1136
person 6 1039 426 1140
person 3 1050 429 1124
person 6 1043 429 1133
person 4 1036 428 1148
person 3 1036 430 1143
person 3 1038 430 1138
person 0 1040 434 1134
person 0 1041 436 1136
person -1 1048 435 1124
person 4 1042 436 1131
person -1 1039 436 1138
person -2 1048 436 1127
person 1 1051 430 1114
person -1 1054 433 1110
person -4 1054 436 1106
person -2 1054 434 1116
person -4 1055 434 1115
person -5 1058 435 1110
person 0 1052 429 1116
person -1 1054 430 1113
person -1 1054 430 1109
person -3 1043 430 1125
person -3 1051 432 1115
person -1 1049 432 1119
person 0 1058 427 1109
person 0 1058 427 1108
person 0 1050 425 1118
person 6 1061 423 1101
person 8 1064 421 1096
person 4 1044 426 1124
person 6 1054 427 1111
person 7 1059 424 1101
person 6 1063 429 1097
person 0 1064 430 1096
person 2 1057 430 1104
person 2 1065 434 1093
person 2 1056 429 1107
person -2 1061 438 1099
person 0 1057 434 1110
person 1 1070 439 1085
person 2 1068 436 1085
person 1 1075 434 1079
person 2 1061 434 1096
person 1 1075 435 1069
person 0 1076 436 1067
person -2 1084 438 1065
person 0 1075 437 1075
person 0 1068 437 1083
person 4 1071 431 1082
person 4 1071 435 1083
person 3 1069 434 1082
person 0 1076 438 1072
person 3 1071 434 1081
person 2 1067 435 1085
person 1 1067 435 1086
person 2 1062 438 1094
person 3 1063 433 1091
person 3 1064 433 1088
person 2 1067 433 1089
person 1 1065 438 1085
person 3 1083 439 1060
person 5 1070 434 1075
person 3 1069 437 1077
person 5 1076 433 1065
person 2 1074 432 1071
person 6 1055 429 1106
person 2 1067 431 1093
person 1 1060 429 1112
person -1 1062 427 1110
person 5 1063 420 1099
person 0 1057 425 1094
person -2 1060 432 1099
person 0 1052 427 1112
person 4 1068 427 1098
person 6 1067 429 1091
person 3 1063 428 1101
person 3 1062 430 1094
person 6 1078 431 1071
person 7 1069 430 1102
person 10 1077 424 1099
person 4 1072 432 1101
person 10 1085 428 1084
person 9 1093 429 1063
person 8 1105 426 1054
person 6 1102 431 1060
person 9 1100 428 1069
person 10 1123 433 1017
lost 10 1123 433 1017
lost 10 1123 433 1017
lost 10 1123 433 1017
lost 10 1123 433 1017
lost 10 1123 433 1017
lost 10 1123 433 1017
lost 10 1123 433 1017
lost 10 1123 433 1017
lost 10 1123 433 1017
lost 10 1123 433 1017
lost 10 1123 433 1017
lost 10 1123 433 1017
lost 10 1123 433 1017
lost 10 1123 433 1017
lost 10 1123 433 1017
lost 10 1123 433 1017
lost 10 1123 433 1017
lost 10 1123 433 1017
lost 10 1123 433 1017
lost 10 1123 433 1017
lost 10 1123 433 1017
lost 10 1123 433 1017
lost 10 1123 433 1017
lost 10 1123 433 1017
lost 10 1123 433 1017
lost 10 1123 433 1017
lost 10 1123 433 1017
lost 10 1123 433 1017
lost 10 1123 433 1017
lost 10 1123 433 1017
lost 10 1123 433 1017
lost 10 1123 433 1017
lost 10 1123 433 1017
lost 10 1123 433 1017
lost 10 1123 433 1017
lost 10 1123 433 1017
lost 10 1123 433 1017
lost 10 1123 433 1017
lost 10 1123 433 1017
lost 10 1123 433 1017
lost 10 1123 433 1017
lost 10 1123 433 1017
lost 10 1123 433 1017
lost 10 1123 433 1017
lost 10 1123 433 1017
lost 10 1123 433 1017
lost 10 1123 433 1017
lost 10 1123 433 1017
lost 10 1123 433 1017
lost 10 1123 433 1017
lost 10 1123 433 1017
lost 10 1123 433 1017
lost 10 1123 433 1017
lost 10 1123 433 1017
lost 10 1123 433 1017
lost 10 1123 433 1017
lost 10 1123 433 1017
lost 10 1123 433 1017
lost 10 1123 433 1017
lost 10 1123 433 1017
lost 10 1123 433 1017
lost 10 1123 433 1017
lost 10 1123 433 1017
lost 10 1123 433 1017
lost 10 1123 433 1017
lost 10 1123 433 1017
lost 10 1123 433 1017
lost 10 1123 433 1017
lost 10 1123 433 1017
lost 10 1123 433 1017
lost 10 1123 433 1017
lost 10 1123 433 1017
lost 10 1123 433 1017
lost 10 1123 433 1017
lost 10 1123 433 1017
lost 10 1123 433 1017
lost 10 1123 433 1017
lost 10 1123 433 1017
lost 10 1123 433 1017
lost 10 1123 433 1017
lost 10 1123 433 1017
lost 10 1123 433 1017
lost 10 1123 433 1017
lost 10 1123 433 1017
lost 10 1123 433 1017
lost 10 1123 433 1017
lost 10 1123 433 1017
lost 10 1123 433 1017
lost 10 1123 433 1017
lost 10 1123 433 1017
lost 10 1123 433 1017
lost 10 1123 433 1017
lost 10 1123 433 1017
lost 10 1123 433 1017
lost 10 1123 433 1017
lost 10 1123 433 1017
lost 10 1123 433 1017
lost 10 1123 433 1017
lost 10 1123 433 1017
lost 10 1123 433 1017
lost 10 1123 433 1017
lost 10 1123 433 1017
lost 10 1123 433 1017
lost 10 1123 433 1017
lost 10 1123 433 1017
lost 10 1123 433 1017
lost 10 1123 433 1017
lost 10 1123 433 1017
lost 10 1123 433 1017
lost 10 1123 433 1017
lost 10 1123 433 1017
lost 10 1123 433 1017
person 12 1033 436 1139
person 9 1013 435 1155
person 16 981 435 1214
person 18 1000 434 1185
person 20 991 436 1198
person 31 987 430 1206
person 37 985 433 1194
person 41 972 432 1221
person 39 985 431 1195
person 47 988 421 1189
person 39 986 426 1197
person 41 997 429 1181
person 40 1007 443 1149
person 40 1011 441 1134
person 36 1015 450 1122
person 37 1046 454 1071
person 28 995 590 1176
person 42 1012 582 1147
person 45 1016 584 1122
person 54 1014 574 1130
person 56 996 576 1166
person 52 999 589 1151
person 65 996 590 1157
person 87 1002 578 1160
person 104 1008 579 1162
person 124 1000 590 1174
person 143 1002 625 1168
person 137 1007 686 1153
person 153 1027 711 1115
person 175 1030 674 1122
person 194 1023 659 1150
person 301 1021 650 1153
person 297 1022 655 1150
person 234 1016 642 1124
person 227 987 656 1203
person 225 999 659 1194
person 301 997 642 1207
person 303 974 642 1228
person 304 974 640 1224
person 295 986 656 1205
person 291 998 669 1172
person 292 1009 681 1128
person 300 984 681 1181
person 304 968 675 1208
person 336 945 624 1265
person 329 943 646 1246
person 356 1044 665 1073
person 359 1027 679 1099
person 355 921 639 1281
person 350 932 650 1274
person 416 999 646 1144
person 443 983 617 1177
person 444 981 620 1181
person 453 1008 611 1156
person 464 995 612 1177
person 462 989 626 1171
person 483 977 618 1214
person 537 971 591 1224
person 574 994 557 1204
person 642 1011 550 1168
person 670 1028 532 1107
person 702 1018 512 845
person 754 1001 494 861
person 761 1010 512 877
person 770 990 528 880
person 773 988 525 863
person 781 996 522 879
person 785 998 520 880
person 808 1009 526 904
person 846 1011 500 901
person 850 1013 498 918
person 859 1018 513 910
lost 859 1018 513 910
lost 859 1018 513 910
person 1010 1030 497 1089
person 1057 1016 473 1134
person 1085 1055 471 1091
person 1113 1023 494 1131
person 1181 975 455 1194
person 1185 956 471 1213
person 1205 979 448 1173
person 1212 1039 457 1084
person 1257 1013 489 1136
person 1265 980 492 1195
person 1293 984 472 1186
person 1324 961 471 1218
person 1359 949 465 1228
person 1376 965 480 1201
person 1382 1012 552 1139
person 1412 1043 547 1092
person 1491 1007 483 1122
person 1507 1007 471 1120
person 1536 987 537 1202
person 1574 947 541 1252
person 1634 976 504 1196
person 1682 965 494 1239
person 1726 944 462 1263
person 1761 975 446 1193
person 1806 950 415 1219
person 1811 994 439 1133
person 1803 1014 467 1104
person 1845 926 492 1267
person 1849 943 511 1251
person 1891 908 471 1326
person 1934 965 465 1236
person 1961 983 476 1201
person 1984 1026 515 1113
person 2038 1031 497 1126
person 2073 1047 482 1108
person 2088 1017 476 1144
person 2157 912 482 1340
person 2174 903 472 1353
person 2213 969 477 1240
person 2238 972 473 1205
person 2268 974 520 1198
person 2338 971 496 1221
person 2354 988 484 1195
person 2367 947 482 1256
person 2384 963 475 1227
person 2426 983 512 1200
person 2438 1008 518 1168
person 2461 939 516 1282
person 2524 975 494 1230
person 2543 1008 475 1193
person 2579 1003 494 1200
person 2626 972 487 1245
person 2644 968 493 1237
person 2677 978 474 1219
person 2667 986 501 1214
person 2729 1014 522 1130
person 2745 1012 502 1145
person 2750 928 510 1307
person 2807 941 507 1289
person 2842 941 493 1288
person 2841 959 516 1251
person 2855 965 516 1241
person 2860 972 539 1242
person 2898 972 539 1231
person 2916 975 531 1230
person 2945 976 513 1209
person 2972 979 481 1227
person 2936 984 551 1201
person 2989 1001 551 1121
person 3005 993 565 1158
person 3072 917 509 1315
person 3093 947 517 1244
person 3103 962 547 1224
person 3115 959 577 1212
person 3115 964 596 1190
person 3166 954 584 1196
person 3189 965 585 1164
person 3180 957 590 1192
person 3203 946 579 1211
person 3221 953 562 1198
person 3239 952 542 1199
person 3237 953 549 1200
person 3223 949 594 1230
person 3232 962 577 1226
person 3248 960 548 1220
person 3292 967 540 1212
person 3303 950 521 1235
person 3309 951 512 1230
person 3308 946 515 1230
person 3317 952 505 1214
person 3322 965 498 1193
person 3338 913 485 1282
person 3347 950 481 1241
person 3354 965 472 1237
person 3358 987 467 1199
person 3372 986 446 1188
person 3376 956 425 1233
person 3383 991 441 1169
person 3391 939 418 1269
person 3402 983 418 1160
person 3402 996 416 1140
person 3410 993 402 1146
person 3408 993 404 1145
person 3397 996 420 1135
person 3396 993 425 1137
person 3395 979 429 1164
person 3390 980 417 1199
person 3386 979 430 1167
person 3382 996 416 1160
person 3375 1005 423 1153
person 3375 1002 429 1162
person 3366 1001 434 1159
person 3351 1009 453 1151
person 3336 992 482 1187
person 3326 989 490 1192
person 3347 989 444 1187
person 3329 990 470 1181
person 3329 976 459 1199
person 3318 976 486 1190
person 3313 986 489 1185
person 3258 967 504 1212
person 3248 945 520 1265
person 3248 980 497 1191
person 3219 964 542 1218
person 3195 952 562 1223
person 3151 959 582 1211
person 3116 994 580 1158
person 3103 1004 572 1147
person 3067 1005 568 1140
person 3019 1008 582 1157
person 3008 983 551 1192
person 2948 984 554 1199
person 2961 996 512 1177
person 2954 974 496 1209
person 2904 987 562 1182
person 2883 989 566 1202
person 2876 1022 538 1138
person 2856 1020 552 1128
person 2817 1016 547 1122
person 2784 1025 554 1091
person 2747 1001 544 1132
person 2728 995 527 1134
person 2725 1028 510 1094
person 2676 977 505 1195
person 2670 979 482 1204
person 2643 972 508 1194
person 2598 983 536 1199
person 2562 1017 538 1151
person 2523 1016 522 1151
person 2476 1043 524 1113
person 2478 1020 478 1133
person 2449 1034 490 1097
person 2334 1018 569 1104
person 2366 987 520 1186
person 2369 988 490 1200
person 2348 1000 494 1184
person 2322 986 510 1198
person 2307 982 503 1198
person 2265 983 514 1195
person 2228 990 490 1187
person 2160 1011 535 1142
person 2166 1016 478 1116
person 2018 1018 608 1139
person 2063 999 514 1153
person 2059 1006 487 1171
person 2020 1022 520 1143
person 2003 989 507 1173
person 1971 992 510 1159
person 1935 991 488 1149
person 1896 969 494 1197
person 1861 1001 475 1118
person 1787 980 495 1157
person 1758 992 540 1143
person 1790 988 469 1156
person 1773 955 464 1224
person 1749 955 464 1246
person 1715 975 473 1217
person 1680 961 471 1216
person 1643 968 479 1214
person 1580 969 517 1241
person 1578 994 483 1181
person 1479 994 520 1177
person 1478 966 502 1230
person 1463 981 501 1213
person 1480 971 451 1181
person 1423 959 466 1204
person 1377 957 481 1198
person 1354 962 486 1193
person 1284 962 529 1186
person 1271 945 523 1220
person 1273 976 482 1182
person 1169 979 534 1189
person 1179 938 505 1256
person 1169 985 487 1192
person 1142 936 469 1261
person 1086 948 491 1244
person 1030 1016 501 1112
person 1006 974 504 1186
person 990 971 473 1172
person 967 972 496 1166
person 856 958 564 1191
person 842 915 565 1258
person 835 897 553 1299
person 784 990 550 997
person 760 990 576 985
person 746 960 593 1184
person 743 993 587 1134
person 742 986 574 1152
person 718 993 596 1128
person 665 993 561 986
person 668 1027 597 902
person 656 1000 641 1122
person 563 938 571 1237
person 568 911 556 1303
person 574 913 553 1315
person 559 923 569 1309
person 506 1035 630 1073
person 559 934 516 1318
person 528 927 511 1360
person 460 1002 606 1165
person 455 1007 590 1160
person 465 999 561 1181
person 415 968 565 1293
person 420 959 545 1327
person 416 974 506 1291
person 381 979 518 1293
person 372 972 532 1278
person 372 965 530 1299
person 370 1017 523 1194
person 224 1052 638 1100
person 218 1072 633 1085
person 162 1053 636 1105
person 170 1094 630 1031
person 151 1092 675 1045
person 135 1134 667 993
person 116 1112 659 1023
person 111 1121 667 1004
person 102 1102 678 1028
person 94 1079 663 1054
person 82 1077 651 1062
person 94 1079 649 1057
person 105 1075 632 1068
person 112 1038 610 1099
person 128 1036 610 1103
person 110 1016 606 1140
person 68 984 690 1170
person 93 990 678 1169
person 86 958 665 1216
person 90 977 669 1187
person 65 962 703 1197
person 14 954 743 1197
person -6 969 774 1172
person 6 970 742 1177
person 18 960 695 1210
person 4 1003 683 1143
person 22 990 641 1183
person 14 994 631 1191
person 15 1004 615 1175
person 29 1027 490 1120
person 34 1008 462 1150
person 35 1009 461 1144
person 30 1033 466 1120
person 39 1021 439 1141
person 40 1015 438 1165
person 38 1004 429 1182
person 38 1028 424 1142
person 37 1052 418 1098
person 21 1053 428 1097
person 26 1055 429 1075
person 27 1055 430 1090
person 25 1069 439 1099
person 34 1083 432 1073
person 39 1089 429 1056
person 36 1110 435 1027
person 40 1110 435 1007
person 47 1110 428 1005
person 40 1116 436 995
lost 40 1116 436 995
lost 40 1116 436 995
lost 40 1116 436 995
lost 40 1116 436 995
lost 40 1116 436 995
lost 40 1116 436 995
lost 40 1116 436 995
lost 40 1116 436 995
lost 40 1116 436 995
lost 40 1116 436 995
lost 40 1116 436 995
lost 40 1116 436 995
lost 40 1116 436 995
lost 40 1116 436 995
lost 40 1116 436 995
lost 40 1116 436 995
lost 40 1116 436 995
lost 40 1116 436 995
lost 40 1116 436 995
lost 40 1116 436 995
lost 40 1116 436 995
lost 40 1116 436 995
lost 40 1116 436 995
lost 40 1116 436 995
lost 40 1116 436 995
lost 40 1116 436 995
lost 40 1116 436 995
lost 40 1116 436 995
lost 40 1116 436 995
lost 40 1116 436 995
lost 40 1116 436 995
lost 40 1116 436 995
lost 40 1116 436 995
lost 40 1116 436 995
lost 40 1116 436 995
lost 40 1116 436 995
lost 40 1116 436 995
lost 40 1116 436 995
lost 40 1116 436 995
lost 40 1116 436 995
person 8 1032 432 1137
lost 8 1032 432 1137
lost 8 1032 432 1137
lost 8 1032 432 1137
lost 8 1032 432 1137
lost 8 1032 432 1137
lost 8 1032 432 1137
person 12 1108 439 1020
lost 12 1108 439 1020
lost 12 1108 439 1020
lost 12 1108 439 1020
lost 12 1108 439 1020
lost 12 1108 439 1020
lost 12 1108 439 1020
lost 12 1108 439 1020
lost 12 1108 439 1020
person 13 1062 411 1103
person 1 1048 426 1112
person 3 1021 426 1149
person 2 1017 426 1161
person 4 1024 432 1160
person 6 1017 424 1165
person 5 1006 428 1183
person 2 997 434 1205
person -1 996 441 1196
person 0 994 433 1195
person 3 993 437 1188
