1203.5 1109.7142857142858
1203.522587774816 1109.9078952127088
1203.5538810577264 1110.4052279250757
1203.5588900850748 1110.919646635792
1203.5733209435962 1111.1767223637944
1203.6258169130174 1111.15714652981
1203.6822336127539 1110.8982962396437
1203.719245015151 1110.5513898983952
1203.741351970724 1110.1916616832762
1203.7295614435573 1109.731674083187
1203.7119076772144 1109.3277287075798
1203.721523386271 1109.1303723959204
1203.7172493427486 1108.9961555494988
1203.6992865202371 1108.8146274351116
1203.715382053585 1108.7575749680877
1203.7768924285601 1109.0137987789753
1203.8474663378724 1109.422121620258
1203.930297061629 1109.9676841595433
1204.0634459132098 1110.6797810906328
1204.2403666551486 1111.631769369544
1204.4286788222162 1112.903672473571
1204.627589408618 1114.2916866855987
1204.8117479655875 1115.6220897763656
1204.9722265919502 1116.898112845229
1205.1217326068024 1118.1410582054261
1205.2720833448627 1119.3217509697479
1205.4464396041217 1120.469301282026
1205.6114543757087 1121.6175928860341
1205.7285114482547 1122.7008740854906
1205.8428399825073 1123.6403313650185
1206.0003870474925 1124.4298986097162
1206.208092408714 1125.0426228014064
1206.4691216862946 1125.6065476724457
1206.768453211365 1126.1654144189622
1207.083436176973 1126.700876450479
1207.3976652278436 1127.3193556111019
1207.7327293513788 1127.9939896103026
1208.0567269834005 1128.7232040902463
1208.3348672639072 1129.523328320528
1208.6067279560355 1130.3067840028314
1208.8891220220871 1131.0120993459175
1209.1447757954784 1131.7494204912018
1209.399972081644 1132.4729625382288
1209.69092700979 1133.0505835152942
1209.968024554813 1133.5612308593945
1210.2140274766855 1134.0472349943168
1210.4425885077062 1134.5572620705998
1210.7099640355934 1135.1078719317352
1211.024030673414 1135.6261163124925
1211.3445363539404 1135.9951696408007
1211.6849276803118 1136.3314938416563
1212.0650513037015 1136.7154375257398
1212.4306955360773 1137.0793376649538
1212.7361921221514 1137.44476842705
1212.985293599325 1137.8162500109
1213.2170107528618 1137.963708940787
1213.5581880086795 1137.7935022672032
1214.0047164086172 1137.3917624536955
1214.482033823589 1136.7705137853125
1214.9874690303411 1136.0420668250986
1215.5809758123353 1135.2231312035833
1216.310789171708 1134.3607851908353
1217.218536098517 1133.545773580893
1218.2698059823763 1132.8474573607712
1219.3543327888601 1132.180138033236
1220.4458001860448 1131.416847354619
1221.5512180157616 1130.5755595751252
1222.6640806421392 1129.645218644275
1223.7520470400839 1128.6989661754833
1224.8159263187658 1127.7185964673536
1225.8936224498714 1126.6516194454312
1226.9897825214953 1125.634447923258
1228.0807095528091 1124.7993481028266
1229.166634402691 1124.1240595655854
1230.280151142598 1123.7113491912944
1231.4435545832694 1123.6674748072103
1232.6953234201785 1124.0077776583196
1234.0930195562328 1124.7933044942429
1235.5510452699993 1125.7765229202564
1236.9467415099234 1126.6621025894158
1238.199742067302 1127.422293743909
1239.342607673962 1128.17718179684
1240.4601624715049 1128.9571282078498
1241.5398255104215 1129.7022315008107
1242.4502238664584 1130.3799602552567
1243.112687538579 1130.8795872312382
1243.670939470348 1131.2580985328311
1244.1802295889097 1131.5590322675387
1244.6120920813 1131.8024096741444
1245.0000941966957 1132.1610983884057
1245.4034596415638 1132.6798296252755
1245.851237277029 1133.368052422232
1246.2989272658583 1134.1083000188526
1246.7270619307913 1134.7362656837547
1247.1816947911968 1135.2578491504757
1247.6485735754543 1135.7156962399904
1248.0318105189963 1136.103455826507
1248.3550941556746 1136.3949094905886
1248.6464508750698 1136.649660178827
1248.904960025814 1136.8557091982557
1249.086838394474 1136.96181798737
1249.1746363597279 1136.9671947036936
1249.2180612768743 1136.8623411795966
1249.200459918604 1136.732218072486
1249.0331809790455 1136.6982707950524
1248.5520957471526 1136.7700789147398
1247.81734922364 1137.0083945067297
1246.9423618732187 1137.3940468416515
1245.9033888952022 1137.8698880696
1244.6742890047005 1138.3714826207156
1243.4398156401292 1138.8087684434734
1242.3751296941803 1139.0736348484857
1241.3783394176644 1139.13806950478
1240.3616951793003 1139.0657167212319
1239.2865971845606 1139.0006157441012
1238.1899591683928 1139.1010581533953
1237.149670609727 1139.4330567829202
1236.2061018885722 1140.023929750902
1235.3913366489594 1140.6849369038132
1234.6923835344744 1141.249439888511
1234.0879409322324 1141.7711418771883
1233.5818874656968 1142.2597057308103
1233.1632104287128 1142.6000583524446
1232.8231773961095 1142.8048671639879
1232.620319673576 1143.0451458882828
1232.556765872613 1143.4158612524375
1232.6030095223691 1143.8585562647743
1232.7204070817168 1144.269127194062
1232.8836356157356 1144.5855534519987
1233.1028789888617 1144.6735867111504
1233.2563898180058 1144.5252749024928
1233.2698421079433 1144.2178307890965
1233.2147431217777 1143.765445515025
1233.1655590305904 1143.1918145739749
1233.114142011768 1142.3895107570615
1233.0137480878911 1141.4087947706055
1232.7851382375636 1140.4942972343542
1232.394786281788 1139.8222913398129
1231.8672104633386 1139.3606592300516
1231.2929336262239 1139.0276715484802
1230.7433816396974 1138.7419842820077
1230.2418889653477 1138.476437971571
1229.8064865501358 1138.2793673574063
1229.4406670925005 1138.1234323113508
1229.182632678487 1137.9629533607383
1229.0291598979295 1137.881904392008
1228.870681645765 1137.9048040999478
1228.6610286613263 1137.8514083200969
1228.4680284235706 1137.7250872298148
1228.3289075441471 1137.594808115797
1228.2085921201574 1137.4275603850879
1228.078673717427 1137.4445136791137
1227.955514765872 1137.7862340314928
1227.879089425904 1138.305701648627
1227.8302877010196 1138.868208248693
1227.8505311019944 1139.362046341377
1228.0049770653593 1139.5793819300152
1228.3435095582186 1139.5769137546465
1228.9324070170787 1139.7018529343927
1229.7041582574768 1140.0736932596922
1230.5317581265408 1140.6288053536525
1231.3221143087585 1141.3178618827346
1232.0475475406242 1142.1399351871873
1232.7039595778242 1143.141292178469
1233.2741106639053 1144.2207741937673
1233.7812392434087 1145.1848429748927
1234.2073733917944 1145.9065346241957
1234.4950937952233 1146.4159583192568
1234.6497074287308 1146.782306033622
1234.72683914848 1147.0514198894912
1234.7049075950076 1147.2026242612937
1234.5988488573964 1147.1927934618714
1234.4421519382806 1147.1952625980528
1234.2544312697605 1147.1976741370984
1234.0459195289507 1147.041135656169
1233.8969602838488 1146.8268489528045
1233.8778237566103 1146.6851906550417
1233.94290529266 1146.7008542893013
1234.1016313555917 1146.9541756519698
1234.345167571575 1147.4743073887935
1234.6231998941407 1148.1733517045475
1234.881483573785 1148.861630526531
1235.1386847087076 1149.6227948866565
1235.4484786081441 1150.5635773641468
1235.8280797260288 1151.4732465673326
1236.2090233752563 1152.1299922083201
1236.5474090709022 1152.4400453335365
1236.9080509387288 1152.5088523603365
1237.3476698753193 1152.4729808592087
1237.8553184440643 1152.3489383113326
1238.4021012029368 1152.2806064788513
1239.060606763122 1152.4259997898318
1239.7461685503522 1152.7715413737244
1240.2808884540466 1153.1516917972929
1240.612790780062 1153.5945684916967
1240.7646175768884 1154.1538746980764
1240.804119583799 1154.67297762719
1240.7603773012136 1155.0785805398234
1240.686131165589 1155.419593069718
1240.6958981045543 1155.6648428710298
1240.7956736833416 1155.6469300685856
1240.961008858431 1155.3946439633783
1241.1397846817342 1155.1021969729757
1241.272259042813 1154.8728326761698
1241.3395822264008 1154.7570462065837
1241.360453496063 1154.8914086669279
1241.4407751483704 1155.285979085611
1241.5864670139415 1155.87656837004
1241.7562303597858 1156.6576423658726
1241.9389969666624 1157.507543131013
1242.0771844325393 1158.4062889377701
1242.1431822300767 1159.2897434031177
1242.183531903537 1160.0338106519737
1242.2250014043345 1160.648378897616
1242.272418199161 1161.0522104148583
1242.356221054338 1161.107683911692
1242.5138880823672 1160.7989674889714
1242.7141748730119 1160.234197146706
1242.886933458012 1159.5713820675314
1243.0149030934533 1158.9643833485848
1243.1640138268344 1158.5099583216972
1243.225322524712 1158.121971715048
1243.102188542363 1157.654988204438
1242.868770651697 1157.1443742819695
1242.5829122557227 1156.7386956295747
1242.342683480791 1156.4901757150255
1242.2329287413702 1156.2321732358732
1242.279731628267 1155.852774148234
1242.465918912548 1155.483808027503
1242.7432669996558 1155.111301865732
1243.075928301589 1154.7256835260057
1243.446775041017 1154.4497503142836
1243.8203350433434 1154.321371792565
1244.2114815174862 1154.2108479261533
1244.5759024996394 1154.046306568299
1244.9176549019103 1153.7659853827588
1245.4510247889496 1153.5189698180989
1246.1183501114633 1153.3766904285278
1246.9230006148211 1153.25800415617
1248.0345246517281 1153.3094635754983
1249.4198923354254 1153.5416858383878
1250.9611325488383 1153.9664877369987
1252.4488219548148 1154.5156726447572
1253.8496202266392 1155.1495004544547
1255.145627088209 1155.7602039024757
1256.2584080738561 1156.0804652890447
1257.236403653679 1156.0229958445898
1258.0879444163734 1155.7088519707693
1258.8197126250102 1155.4687679272006
1259.6393356787016 1155.5840876356622
1260.662194771922 1155.9341306794063
1261.8954902231412 1156.2623904033396
1263.4687422088587 1156.3398055302648
1265.516715299152 1156.2578295734609
1267.8664189146903 1156.2042206729404
1270.3140223982502 1156.148361859531
1272.9226765832693 1156.1953449822781
1275.7598528940707 1156.3346784799712
1278.5319409867468 1156.4014469107835
1280.9194733506956 1156.3668834322166
1283.0807403130982 1156.3747306753348
1285.206293850853 1156.5351385305787
1287.308029596683 1156.8139989429874
1289.4471045245118 1157.1091884548098
1291.459150108598 1157.3230284317922
1293.2124181631982 1157.5274183922784
1294.735940881989 1157.6755069301378
1296.0063893186345 1157.6593312506068
1297.212495312258 1157.5887115516753
1298.4761725574558 1157.4885173859686
1299.7436067441167 1157.4113206337004
1301.00307392749 1157.4107931476128
1302.2394104957377 1157.4677630461701
1303.3307304012392 1157.4989365215795
1304.2204943914057 1157.4653181949882
1305.0166689537882 1157.4730328586263
1305.870402020471 1157.5715673074587
1306.650724925324 1157.733037191439
1307.2772190427966 1158.027951947147
1307.874078457436 1158.483672137249
1308.4126331832983 1159.0222488757254
1308.8264151195797 1159.6350891370187
1309.2727567213128 1160.3254504137367
1309.9362613612955 1160.978737021209
1310.7790693621996 1161.4938437639337
1311.751481206731 1161.936950427306
1312.8457095340675 1162.3532350765645
1314.0651257524223 1162.6514998032987
1315.210632984231 1162.8887007904527
1316.1484193444671 1163.1079388717217
1317.0762682725751 1163.300909156006
1318.0297868560685 1163.53154958665
1319.0366773055591 1163.732003917527
1320.006996510624 1163.8460910430038
1320.8054044739533 1163.9594836356698
1321.4877933466914 1163.987985625767
1322.0710177913093 1163.8349557651716
1322.411370151015 1163.5912131003406
1322.4771669933375 1163.3238191769094
1322.4849819839883 1163.0699946431878
1322.5458918854436 1162.99846364218
1322.6940858435744 1163.1921765668833
1322.8940731012567 1163.4074565985434
1323.0683382416619 1163.502457075996
1323.1083514586276 1163.597463537311
1323.0961392100621 1163.7882974895654
1323.1836872196943 1164.1331493553698
1323.2167842070724 1164.6166233642368
1323.010051745123 1165.153325908892
1322.5539780693925 1165.7953320737445
1321.8314942585941 1166.5323033610443
1321.0274428330417 1167.2870478164357
1320.4914195456283 1167.9599085935354
1320.0273980865018 1168.409981021165
1319.452578605943 1168.615415868623
1318.764797887335 1168.5879136398705
1318.0463992391217 1168.355748905693
1317.5032502720032 1167.967057923846
1317.1356586979418 1167.448210081146
1316.8588356254127 1166.8082928268961
1316.5494352852784 1166.0316272524274
1316.3012185548557 1165.239771887399
1316.3359036848256 1164.6664210985343
1316.681251736969 1164.411152085171
1317.0689195244638 1164.4156594499536
1317.2489656061566 1164.570960642288
1317.3685165135357 1164.74385955066
1317.8774526272914 1164.9302421858656
1318.93108132298 1165.4018471236154
1320.4933562979925 1166.2487869332313
1322.2740125779465 1167.2742727974332
1323.785116572963 1168.1525356504014
1324.920284289147 1168.7512021672462
1325.8479431918645 1169.1568285051462
1326.818598042236 1169.4142657047369
1327.9597356512293 1169.5575402493332
1329.2535726917326 1169.6801851466762
1330.5611920036479 1169.792712569716
1331.613358175945 1169.796647465746
1332.0670195224593 1169.4919575989322
1331.906459868546 1168.9185771013958
1331.2766886638046 1168.2439152632878
1330.133260504281 1167.500161326756
1328.2428503775388 1166.9787900905685
1325.3009963998284 1166.5884369569656
1321.401910889065 1165.8033632097913
1316.6835090705445 1164.5858316734607
1311.1427919219059 1163.1785757695768
1304.9598358873693 1161.5075011372878
1298.363168220019 1159.655001661222
1290.9917600769325 1157.5850981433127
1282.5748745526757 1154.8523497046542
1273.4313312111865 1151.3577025747222
1263.776442848673 1147.3118926644431
1253.6763526984253 1142.8395222305096
1243.1677964103574 1138.4062866881382
1232.2355457296642 1134.255610819932
1221.1749375951194 1129.9209641338425
1210.348876262396 1125.7898537327817
1199.6327247013621 1122.2841897610176
1188.9996162249613 1119.2795551300408
1178.6070926394373 1116.7756080363406
1168.411327257445 1114.8974068285943
1158.223942816836 1113.7447892003895
1147.9864003909772 1113.1813547568752
1137.816506704309 1113.0960589726285
1127.8024524054422 1113.5001695623582
1117.7237333989067 1114.3204063909284
1107.4625390638007 1115.2857627366488
1096.922963463374 1116.3555528308216
1086.140015898349 1117.5472820699513
1075.3565780668114 1118.8042920359321
1064.746417436454 1119.9108400473713
1054.4693463306396 1120.8595338307468
1044.531601808523 1121.9710183241546
1035.0290514052565 1123.2054176883385
1026.13105001698 1124.4189947230227
1017.9881484593684 1125.4610152456041
1010.5989901390141 1126.1719067572983
1003.9506752343952 1126.6303168639108
997.9627249550424 1127.0595297520529
992.4961230440475 1127.553385484141
987.5778996124452 1128.0326983045636
983.1282917281004 1128.6098419113532
979.0369170628964 1129.4283541529283
975.3575108445011 1130.4920349483264
972.0529263490241 1131.7199610557902
968.995745625646 1133.081834711967
966.2268354309659 1134.3768843823502
963.7113450912503 1135.7643395176742
961.2995015691182 1137.3959716396973
959.0081632042517 1139.1912592463964
956.8399097072845 1141.2371595294128
954.7953239863774 1143.3016631838818
952.8937189687376 1145.1646889118474
951.0659961439596 1146.7263445046494
949.2502257796525 1147.821843946181
947.4402945836877 1148.5379310237583
945.612346699292 1149.3041168633251
943.6795539794188 1150.3311522004856
941.0801108594571 1150.9693842774714
937.5101309071084 1150.7826566742228
933.2636711918664 1149.9103401476598
928.5864386974426 1148.3458177356936
923.6082919319673 1146.2053165509822
918.3960777053294 1143.614720471877
913.0346062838967 1140.7082611503133
907.4874906403702 1137.7362899038906
901.4171175427641 1135.0481153422238
894.7182132639387 1132.894385853988
887.6602967274258 1131.2092370197572
880.4684086584792 1129.8006676306804
873.2972710302697 1128.7056534026174
866.0680096378137 1128.1880619856906
858.7649507105891 1128.3201604897072
851.4263538759028 1128.9186777960301
844.1526823267618 1129.6649635476247
837.1030695345905 1130.4734369728164
830.1976323404735 1131.2248634770444
823.4552529662692 1131.9051621648177
816.8235379000294 1132.7147438550217
810.4184379432027 1133.7906263087766
804.4692717468024 1134.8717875410243
798.8067803273234 1135.7859738065897
793.2501939550252 1136.3176524803239
787.7273850983512 1136.391277362315
782.1867830160162 1136.454502577537
776.7760958000433 1136.6649678709018
771.5432789753183 1136.939087636151
766.1610645038534 1136.8689360012181
760.479711265904 1136.2387571030574
754.6402929669408 1135.1371381625406
749.0803476058622 1134.1492514200343
744.1240113654463 1133.8751370731143
739.8038245493942 1134.090781201787
736.1643906137626 1134.500450827873
733.2534586657555 1134.8623330547352
731.1085084771119 1135.0770634530616
729.2398339237193 1134.8539517297013
727.7642226192995 1134.2790128430615
727.0616404458033 1133.542822563824
726.8193316187137 1132.6682145269422
726.8551760423486 1131.9337255329838
727.3166225796728 1131.7247149772481
728.4019319393003 1132.2788911217979
730.2066956711224 1133.0740788121998
732.404369467093 1134.1036741970454
734.7490847227245 1135.4848347312682
737.4168074590791 1137.1941463695098
740.787696888174 1139.3568585792343
745.330873293129 1141.0789852899911
751.1037727533965 1141.46096342462
758.4422759416398 1141.5665740579218
767.8579142500005 1142.6264695635782
779.4874057443385 1144.5985692424385
793.1563111568025 1147.0982173213058
808.3416361023582 1149.8959313565867
824.5727788925711 1152.6631101788116
841.7901628166758 1154.4492264109301
859.9863769263543 1155.3356624846035
878.8294152179078 1155.9429368828808
897.8208186628428 1156.2981262551937
917.7425671325548 1156.2946430809072
939.1641020418103 1156.0810135471272
961.4434674204746 1155.5243719434177
984.5679829846055 1154.2670203355417
1008.4960522308002 1152.9611326518143
1032.978133036493 1151.9990283885033
1058.2702207367315 1151.4594656950744
1085.2111716031745 1152.0708481234537
1113.7521750247543 1153.8400063443166
1143.4415229518831 1156.296013876339
1174.423372314276 1158.947734684768
1206.4091693655498 1161.2276974852036
1239.213449878145 1162.9413479399932
1272.8449509875027 1164.0446841948851
1306.9314075920452 1164.3632668948574
1341.0932086484547 1164.3024886603366
1375.3294154653072 1163.6281659923243
1409.6296822799168 1161.8767847564663
1444.4219143228788 1159.4817178865696
1480.0483197105743 1157.518669854657
1516.1153836628891 1156.6838139445367
1552.5286114321082 1156.2839536615531
1589.7937375727306 1155.9165355477464
1627.8673345625598 1155.3919499315148
1666.6947688593564 1154.5786691387586
1706.7427601415498 1153.8252821340373
1747.7222665857305 1153.2880080923228
1789.0129371138314 1152.635488892488
1830.4133394410362 1151.5717380332874
1872.0650388673357 1150.8315342664846
1913.8164943642776 1150.65743875609
1955.741713723563 1150.7649676359297
1998.2750837713888 1151.6706597490354
2041.1301143205767 1153.3374892204113
2084.2532228497903 1155.484484564188
2127.9824845318763 1157.805703344141
2172.109870000292 1160.1838194893985
2217.0715046541623 1163.1668867352503
2263.0779575854694 1166.8202506421194
2309.7791046807843 1170.3432651521243
2357.485417716225 1172.630718115002
2405.9029378195655 1173.9490639981668
2455.1357935111737 1174.9995797790477
2505.3126288575254 1175.358623192917
2556.019182183212 1174.5658227441124
2606.524983911826 1173.3190100477893
2656.974970291957 1172.3221729520549
2707.760915135285 1170.89621487675
2758.63405319654 1169.0785215799995
2809.623121754701 1167.615262016879
2860.5751537588667 1166.4048538520092
2911.292608298891 1165.3008779589154
2961.9169216712653 1164.0356792459968
3012.344232745991 1162.5613131478165
3061.8214218120365 1160.799739736407
3109.8083227665584 1158.8266362923632
3155.8816795229263 1156.995167781521
3199.5602448235104 1155.3065292275085
3240.5466261788115 1153.758474289853
3278.6834811285316 1152.3463055586105
3313.918640483186 1151.0636474219934
3346.2774779954584 1149.903044126692
3375.841146850257 1148.8564178046513
3402.729552796246 1147.9154147819522
3427.0881395922825 1147.0716631763837
3449.0777321422865 1146.316960431726
3468.8668224293865 1145.6434058637738
3486.625798283338 1145.0434903687194
3502.522709405666 1144.5101530550805
3516.7202424927073 1144.036812611637
3529.3736406927987 1143.617379637808
3540.629354462562 1143.2462548749181
3550.6242531825083 1142.9183172334313
3559.4852613393837 1142.628904668322
3567.329311077312 1142.3737902758476
3574.2635256164476 1142.1491554400277
3580.385566390689 1141.9515614213801
3585.784091553055 1141.7779204335222
3590.539285388492 1141.6254669784153
3594.723427694734 1141.4917299945553
3598.4014797831305 1141.3745062030725
3601.631669775306 1141.2718349052807
3604.466064625527 1141.1819743842168
3606.9511200263973 1141.1033799860124
3609.128202256405 1141.0346838995633
3611.0340782648427 1140.9746766108794
3612.7013719955003 1140.9222899784409
3614.1589862333917 1140.8765818552213
3615.432490206339 1140.8367221696444
3616.5444738565634 1140.801980369929
3617.5148701738963 1140.771714132677
3618.361247298005 1140.7453592361167
3619.09907228922 1140.7224205002517
3619.7419485657356 1140.7024636996437
3620.3018290327263 1140.6851083591312
3620.789206904937 1140.67002134807
3621.213286163223 1140.6569111943563
3621.5821334988304 1140.6455230453419
3621.9028134958235 1140.6356342085714
3622.18150868877 1140.6270502109874
3622.423626014811 1140.6196013207123
3622.633891060387 1140.61313948073
3622.8164313860343 1140.6075356086585
3622.9748500997594 1140.6026772213593
3623.11229074198 1140.5984663473291
3623.2314944437117 1140.594817693677
3623.3348502251242 1140.5916570380214
3623.4244392139803 1140.5889198188502
3623.5020734828367 1140.5865499007978
3623.569330130063 1140.584498493916
3623.627581162473 1140.582723208386
3623.6780196763393 1140.5811872282325
3623.721682778401 1140.579858589513
3623.759471638756 1140.5787095501391
3623.7921690228945 1140.5777160400112
3623.8204546100974 1140.5768571814863
3623.844918369668 1140.576114871399
3623.866072234561 1140.5754734169127
3623.8843602835655 1140.574919218416
3623.9001676179682 1140.574440493514
3623.913828096235 1140.574027036889
3623.9256310704136 1140.5736700114576
3623.9358272504255 1140.5733617668172
3623.94463380692 1140.5730956814762
3623.9522388096957 1140.5728660258028
3623.958805086644 1140.5726678430135
3623.96447357758 1140.572496845863
3623.9693662479835 1140.5723493269918
3623.973588619496 1140.572222081152
3623.9772319668205 1140.5721123377575
3623.9803752243706 1140.5720177024064
3623.9830866404827 1140.5719361061942
3623.985425212169 1140.5718657617954
3623.9874419291573 1140.5718051254169
3623.9891808522507 1140.5717528638481
3623.990680047817 1140.5717078259324
3623.9919723973785 1140.5716690178715
3623.993086298816 1140.5716355818536
3623.99404627354 1140.5716067775627
3623.994873492114 1140.5715819661832
3623.9955862291704 1140.5715605965656
3623.9962002570414 1140.5715421932664
3623.9967291862854 1140.571526346207
3623.9971847602073 1140.571512701737
3623.9975771095374 1140.5715009549106
3623.997914972609 1140.571490842814
3623.998205885676 1140.5714821388021
3623.998456347382 1140.5714746475194
3623.998671960872 1140.5714682006014
3623.998857556554 1140.5714626529632
3623.9990172981384 1140.5714578795955
3623.999154774204 1140.571453772799
3623.999273077263 1140.5714502397987
3623.9993748720153 1140.571447200684
3623.999462454263 1140.5714445866324
3623.9995378017516 1140.5714423383781
3623.999602618043 1140.5714404048895
3623.999658370364 1140.57143874223
3623.9997063222595 1140.5714373125752
3623.99974756175 1140.5714360833663
3623.99978302562 1140.5714350265791
3623.9998135203573 1140.5714341180953
3623.9998397402064 1140.5714333371595
3623.999862282733 1140.5714326659127
3623.999881662237 1140.5714320889883
3623.9998983213145 1140.5714315931668
3623.9999126408193 1140.571431167076
3623.9999249484467 1140.5714308009337
3623.999935526128 1140.571430486326
3623.9999446164 1140.5714302160172
3623.9999524278937 1140.5714299837844
3623.9999591400574 1140.5714297842767
3623.9999649072265 1140.571429612893
3623.9999698621277 1140.5714294656782
3623.9999741188954 1140.5714293392311
3623.9999777756675 1140.5714292306286
3623.999980916822 1140.5714291373577
3623.9999836149004 1140.5714290572587
3623.999985932264 1140.5714289884752
3623.999987922517 1140.5714289294121
3623.9999896317354 1140.5714288786985
3623.9999910995193 1140.5714288351562
3623.9999923599025 1140.5714287977733
3623.9999934421317 1140.5714287656801
3623.9999943713383 1140.5714287381295
3623.9999951691166 1140.57142871448
3623.9999958540197 1140.5714286941798
3623.9999964419876 1140.5714286767557
3623.999996946714 1140.5714286618008
3623.9999973799618 1140.571428648966
3623.9999977518355 1140.5714286379512
3623.9999980710136 1140.5714286284986
3623.99999834495 1140.571428620387
3623.9999985800464 1140.5714286134266
3623.9999987818 1140.5714286074544
3623.999998954932 1140.5714286023301
3623.9999991034956 1140.5714285979336
3623.9999992309718 1140.5714285941617
3623.9999993403485 1140.571428590926
3623.9999994341915 1140.57142858815
3623.9999995147036 1140.5714285857687
3623.9999995837757 1140.5714285837262
3623.9999996430306 1140.571428581974
3623.9999996938614 1140.5714285804713
3623.999999737464 1140.5714285791823
3623.9999997748646 1140.5714285780768
3623.9999998069443 1140.571428577129
3623.9999998344592 1140.5714285763158
3623.9999998580574 1140.5714285756187
3623.999999878296 1140.571428575021
3623.9999998956528 1140.5714285745082
3623.999999910537 1140.5714285740687
3623.999999923301 1140.5714285736917
3623.9999999342463 1140.5714285733686
3623.9999999436313 1140.5714285730915
3623.9999999516785 1140.5714285728538
3623.9999999585784 1140.5714285726501
3623.9999999644942 1140.5714285724755
3623.999999969566 1140.5714285723259
3623.9999999739143 1140.5714285721976
3623.999999977642 1140.5714285720876
3623.9999999808374 1140.5714285719932
3623.999999983577 1140.5714285719125
3623.999999985925 1140.5714285718432
3623.999999987938 1140.5714285717838
3623.999999989663 1140.571428571733
3623.999999991142 1140.5714285716892
3623.9999999924094 1140.571428571652
3623.9999999934957 1140.57142857162
3623.9999999944266 1140.5714285715924
3623.9999999952242 1140.571428571569
3623.999999995908 1140.571428571549
3623.9999999964944 1140.5714285715317
3623.9999999969964 1140.571428571517
3623.9999999974266 1140.5714285715042
3623.9999999977954 1140.5714285714932
3623.9999999981114 1140.571428571484
3623.999999998382 1140.571428571476
3623.999999998614 1140.5714285714691
3623.9999999988127 1140.5714285714632
3623.9999999989827 1140.5714285714582
3623.9999999991287 1140.571428571454
3623.9999999992538 1140.5714285714503
3623.9999999993606 1140.571428571447
3623.9999999994525 1140.5714285714444
3623.999999999531 1140.571428571442
3623.9999999995985 1140.57142857144
3623.999999999656 1140.5714285714384
3623.999999999706 1140.571428571437
3623.999999999748 1140.571428571436
3623.9999999997844 1140.5714285714348
3623.9999999998154 1140.571428571434
3623.9999999998417 1140.5714285714332
3623.9999999998645 1140.5714285714325
3623.999999999884 1140.571428571432
3623.7571814206285 1140.0293219758469
3623.0156104185926 1138.9491470386754
3621.663866893011 1137.7356446133078
3619.5768892630085 1136.67742633824
3616.2277094988985 1135.088273280338
3611.2757613450585 1132.8011810254072
3604.5176057182953 1130.1355479750096
3595.5394334173056 1127.17928290321
3584.044810956626 1124.7251764293947
3569.852456666654 1123.0137479620912
3552.573443011005 1121.1692709549113
3532.3639808096477 1119.1884510894731
3509.904011064052 1118.2344832002336
3485.5175553670733 1118.2678965374737
3459.361301350022 1118.9730153719286
3431.2200555142463 1119.941927121814
3400.301276865833 1120.6840140488387
3366.5918838418347 1121.5945286404883
3330.9635275893156 1122.9310138316955
3293.8367782029472 1124.484169025834
3255.3476006740043 1126.151529722242
3216.2033757483387 1127.9015397695323
3175.9629881279857 1128.9893453097845
3134.319019509984 1129.5939217701252
3092.249406804983 1130.7050908605652
3050.0005329215155 1132.4777664479386
3007.0421416767786 1134.6740824052263
2963.5599402867592 1137.923871784068
2920.587546382222 1142.6850249152017
2877.369641674109 1147.9369360038836
2833.3800625424365 1153.2850087623171
2789.4678374004643 1159.1189879854492
2745.9476608288683 1164.9174215259086
2702.6048337514753 1169.4995488521968
2658.9546074091045 1171.9794003363616
2615.1866435123284 1172.7734989373218
2571.275995486293 1172.1817531213358
2527.421082059691 1170.3995603057667
2484.3249864597387 1168.1202342955867
2441.8448768876747 1165.0216029779467
2399.3036526858778 1161.1248950916643
2356.5628661422043 1157.3608638646317
2313.8791667596056 1154.0582526055368
2270.9901331426513 1150.9746191665577
2227.867029062523 1147.8284847393115
2184.7733768488156 1144.5502685715949
2141.740344750069 1141.001449604916
2098.683917290008 1137.1189767619596
2055.6563370416898 1132.9737272879388
2012.8740176669723 1129.2790136277592
1969.901156182627 1126.5136035015837
1926.3421412895455 1124.4778512511082
1882.4545876667166 1123.2813610569956
1838.5052175662063 1122.927569895958
1794.8879613064673 1123.5007834233431
1751.8104249862313 1125.1421083455555
1709.3965504490914 1127.474146419735
1666.9883185273202 1129.8833062802244
1623.79532391036 1131.9737789257358
1580.259618024218 1133.6291888152011
1537.0334992533571 1134.5341024826869
1494.4390562411636 1134.6934772042175
1452.806923769934 1134.6188254208128
1412.0408202583299 1134.7393724540475
1372.2473556668347 1135.2033245035398
1332.9202308780016 1135.2612686997145
1293.2014189960573 1135.467819165491
1253.2490062198362 1136.712184877228
1214.245462806207 1138.0406762508424
1176.4509457855104 1138.9012221151315
1139.4507468497284 1139.6051014371094
1103.3863920366757 1140.0409122762442
1067.856264399126 1139.7233272944275
1032.8269273450924 1138.408337308465
998.7834991744278 1136.422857670993
965.0686909389011 1135.038570724723
930.9726358253704 1134.7583190416913
896.6908881512443 1135.4398297372725
862.7778775939755 1136.783718120354
829.660171345563 1138.3557162452676
797.2162295024489 1140.0288669576619
765.2733940457258 1141.8614413040298
733.8777451580299 1143.7168471980715
703.0135971503497 1145.0748886303325
672.7366791066795 1145.478152355232
643.3696098313637 1145.0215440771688
615.279170844394 1144.0169367125727
588.6932495471628 1142.4478838780738
563.6935985946618 1140.5368517022928
540.3091019556341 1138.370497389804
518.4758744094377 1136.0267833270518
498.1724948510831 1134.2546615422132
479.4059010978332 1133.5580484325328
461.6865288500417 1134.0362312521281
444.7055313121333 1135.7138756219276
428.6469899483202 1138.424783784502
413.5861646396852 1141.833865280331
399.551891181791 1145.3197718316942
386.5189723295 1148.4437394242987
374.47824026506856 1151.2161977936873
363.4080003697823 1153.837058899869
353.2074775979447 1156.3084087587617
343.7739853822074 1158.4686236729672
335.0613748780687 1160.1536560842233
327.07374170662786 1161.3762210656923
319.78617658712153 1162.1551384665277
313.14994179577803 1162.3713817923517
307.1489187036069 1162.1038508865583
301.7781787278309 1161.6308979929443
296.96996630345393 1161.165867159223
292.6602745281954 1160.726957252227
288.78899602753495 1160.3183819975227
285.31693621098094 1160.119667556922
282.24857183415315 1160.1186460907986
279.5392148048057 1160.2555093150754
277.150918709111 1160.4058561126553
275.05806296445337 1160.5485264377276
273.22586319431775 1160.827563377647
271.61693665843563 1161.3148539536705
270.1778427745434 1162.0518234164472
268.8664462877753 1162.9273988428224
267.68849013964774 1163.7581838814517
266.63724315599757 1164.596200948828
265.6513205900081 1165.4888089870742
264.7084648066496 1166.3931743110984
263.82271117618114 1167.3731361270893
262.9751672224918 1168.383966191559
262.1641331856041 1169.3720466032396
261.4247601565826 1170.424418841771
260.7693368018439 1171.5459213394345
260.1835454221574 1172.6700571596034
259.68409206718104 1173.7448850428113
259.29582481449114 1174.750229365801
258.9847213917903 1175.5910347945514
258.7154356728143 1176.1729455615045
258.4936951354757 1176.5937037130782
258.33878251936443 1176.8588239149808
258.2289762024902 1176.9201089970525
258.1446031995546 1176.8457785887035
258.113646044829 1176.7631114752223
258.1375454620125 1176.710442836076
258.21246044540845 1176.6825035592678
258.3498646428374 1176.658443525514
258.591003473088 1176.4467985870967
258.84790201798296 1176.1400354089208
259.10639353636464 1175.8228821810549
259.4670871049916 1175.25499596996
259.9264796787634 1174.3077516734722
260.33948280307146 1173.1238407169176
260.59940671884345 1171.9295368808987
260.71422047177373 1170.8405007874055
260.7174208049662 1169.823189365312
260.64919691603137 1168.6781197843284
260.5652368931927 1167.3072448189798
260.52501649802576 1165.8943604150247
260.5392543016753 1164.4995353554905
260.6427842640305 1163.1545023828683
260.8400688849302 1161.4427727527261
261.06767109996844 1159.124697421802
261.29170287582326 1156.9903533833176
261.54174625362 1155.4288909396223
261.73551517364615 1153.5209822629438
261.789180693022 1150.680403390999
261.7402859998115 1147.3421604385562
261.64014711353275 1143.8473182201647
261.5094380386522 1140.3020109108943
261.3206243704989 1136.8369654936198
261.08437816155777 1133.5538388583
260.8063578887412 1130.6164417938658
260.50036088195696 1128.2038498632621
260.252557914404 1126.8651231894216
260.0545618266312 1126.4125532714286
259.9114890726573 1126.2060587289213
259.841407045086 1126.1561250875523
259.74273908787967 1126.2753282708431
259.5337597840876 1126.7021571912692
259.2007234439396 1127.5038035789385
258.8481149447987 1129.020456872315
258.568205499135 1131.4346069934325
258.3919978734647 1134.4712536499253
258.3148190661504 1137.6753801458608
258.2842033474557 1140.8036306749711
258.28886415911415 1143.8169838043707
258.3690910298313 1146.710549663785
258.5449029666467 1149.474448628028
258.7407543838858 1151.9583826031553
258.88829672476044 1154.2675737980383
259.0096027378605 1156.5178119440109
259.0850515098288 1158.6004986936748
259.0665534841889 1160.5454402814848
258.98138245089086 1162.523241987539
258.8541062552486 1164.5778954561674
258.6546238393537 1166.5919474029356
258.35855958244656 1168.678141948896
257.9830196975611 1170.925641268003
257.52969719870066 1173.0365868992128
256.97523886212724 1174.8728345202526
256.32182539837515 1176.4409850753818
255.62284801492 1177.70720222013
254.91574087153006 1178.624098333919
254.21892876548267 1179.1960430037793
253.56094874633513 1179.4911175318744
252.9846642745655 1179.50296363806
252.50053670027663 1179.1832968375768
252.10034428504522 1178.5576857320457
251.73479983741706 1177.6331055876485
251.3663883004039 1176.556473443387
250.9974982015113 1175.3968244734262
250.62053675859076 1174.1327545635559
250.24593158088462 1172.8693370302356
249.90379442227584 1171.710492857547
249.6250221322898 1170.5709740529346
249.41452003540272 1169.493082985141
249.23522552623942 1168.4598322775787
249.10705530363245 1167.4415340457338
249.07176981969752 1166.4740721715636
249.09869381460632 1165.3127490412521
249.16535936241667 1163.8926481031115
249.28163900656327 1162.4049758163846
249.45284081275324 1160.9598273653462
249.5073502629448 1159.4876263998638
249.30049896350215 1157.9816091473992
248.99494672384134 1156.8563887567368
248.72947081065524 1156.4341472149597
248.4706633375433 1156.5780724690267
248.20171144167293 1157.1190438364583
247.90262875423625 1157.8454165814755
247.4832332222297 1158.1556839721975
246.99631020132153 1158.0582178470531
246.5388829825614 1157.9033619944523
246.09630834931437 1157.7395811969825
245.70883814366647 1157.6191536351955
245.38366081159342 1157.5475421094193
245.0563141825161 1157.4328299726083
244.69695647367783 1157.1811875209678
244.31731488506145 1156.925907436193
243.91388402135638 1156.860903231057
243.47529763841248 1157.0961898992769
242.98724484512056 1157.6691020499165
242.4645599873242 1158.1605518870874
241.88176454448583 1158.2724395314324
241.2101943432747 1158.1034645698098
240.4831288659637 1157.5948370776207
239.74328673395195 1156.8964260360985
238.98088741742623 1156.414035815236
238.18797261229952 1156.2525893298018
237.44586639991485 1156.2917795834312
236.68031420689124 1156.501686702452
235.77016800341087 1157.0744884131727
234.70376097226432 1157.521831134028
233.49335679022732 1157.740708909779
232.21155661079237 1158.4055999169525
230.90427531334592 1159.7769512422835
229.70455117074854 1161.915975461247
228.65738135063876 1164.7645207499152
227.69735156593 1168.124677517412
226.78689667578303 1171.488155117394
225.91285050794653 1174.489699954286
225.1956878157474 1177.0493766776385
224.74305069612134 1179.0439877352128
224.51152175261936 1180.5410173199034
224.43633176260695 1181.7298060861567
224.53165324972744 1182.6669566489238
224.79120577699834 1183.5317250231456
225.16966359521808 1184.5079353650617
225.5867215941134 1185.6573021668382
226.07628747837023 1187.237625763952
226.62983019346535 1189.2722981074733
227.1317308587363 1191.4809785063767
227.50242213692653 1193.7456703163846
227.69456415582718 1196.1418623155132
227.70354737882644 1198.7023626812725
227.62075918858676 1201.3642231185995
227.52488324692553 1204.039887451917
227.4901355743135 1206.6948379530968
227.60237013317953 1209.466881475485
227.8734496878716 1212.5893002450653
228.28594071323468 1216.271980442714
228.82565907233473 1220.3066844288094
229.4836086954067 1224.364984079125
230.1953799409627 1228.2615806029098
230.93268593490865 1232.0007162920808
231.73262570921523 1235.6253389544347
232.60345295373295 1239.1162305619723
233.53424154193658 1242.2873995092118
234.5210023133638 1244.96493601697
235.60479230084468 1247.380365073698
236.8158406678806 1249.6710565770477
238.09701354131866 1251.8100605201448
239.39671947147346 1253.7913316406014
240.70900081579225 1255.5898909468417
242.0175703216339 1257.2690198559194
243.28926221540283 1258.794487367511
244.48988385971117 1260.1167815870904
245.61347693909866 1261.2737622806812
246.6953567886825 1262.402478430896
247.76091528320643 1263.5158314784371
248.7905994655789 1264.380579774002
249.72172881935947 1264.8999192176914
250.54675392971018 1265.1200705057422
251.26949587482557 1265.1060562893592
251.8928338108124 1265.0900280421133
252.44048594215778 1265.0741723662165
252.88772206589852 1265.004978468888
253.2203304078668 1264.8406579840869
253.440215556747 1264.4141303069614
253.5689421571938 1263.875423469161
253.65609025906008 1263.4387314012224
253.70995917579523 1263.120818638822
253.73400341673275 1263.0390021359613
253.7124866238916 1263.3908129758834
253.62680513971208 1264.2355343152367
253.48508429652424 1265.5436307560992
253.32346579390352 1267.1562563765597
253.18284258786986 1268.6616572841513
253.03191242034742 1269.7893604516785
252.811368905287 1270.220642319466
252.51917422123287 1269.7873081096272
252.10749713288146 1268.7103835735877
251.53876753685557 1267.1386568397304
250.72191584208883 1265.1282590260716
249.554756830621 1262.964546448465
248.1568241969354 1260.8264855547354
246.64643875686116 1258.514700359144
244.99850769890654 1256.0345880429004
243.20092983571806 1253.534324683247
241.36928114250048 1251.1642929747068
239.59973268822174 1249.1795319352898
237.85780597280905 1247.3006938891504
236.1322736920403 1245.1388641822184
234.4445927571082 1242.6294492737493
232.782855287446 1239.9311822608586
231.1269420444095 1237.2875978993297
229.46814801629355 1234.7017679889834
227.74296045281554 1232.2436708872426
225.9678494866935 1229.7459024688335
224.1472647232708 1227.0335118951825
222.27144656342878 1224.1081840516133
220.4178207306045 1220.919295057036
218.60905140091154 1217.6129416961078
216.89607136628356 1214.2501592627034
215.31552909364348 1210.9139543129231
213.84385811787882 1207.7280840294854
212.51238656947896 1204.6065194951782
211.35988422836974 1201.5801816988708
210.37304056583514 1198.7748959081089
209.5393557696407 1196.2928394915753
208.82868634580777 1194.094359047352
208.17887835628707 1192.1680984445186
207.5781154814171 1190.3849923694802
207.05879083909875 1188.5507638524625
206.56925102320758 1186.8373463358178
206.10464079023265 1185.1875941789065
205.69902518685697 1183.323700652217
205.3176596450641 1181.1980406335615
204.93516554132887 1178.8021748262672
204.56097426692733 1176.1781619411881
204.22277980506178 1173.3810883905048
204.08673664435514 1170.691547611937
204.27591559429982 1168.3291993641133
204.83645203430947 1166.412734945159
205.79919179341286 1164.9140034289765
207.09250633338024 1163.7207470706787
208.66961837186452 1162.8604168155068
210.4601669934899 1162.3114430921287
212.46876328671527 1162.1915593521812
214.71441524327273 1162.7108739337687
217.14951252507433 1163.6707087615632
219.75071307432697 1164.7743592737565
222.44135923464444 1165.957528076454
225.01486337692097 1167.0961150775438
227.3533273471758 1168.4013808745742
229.3676226267993 1170.4765996680655
230.94655629500525 1173.5923239677488
232.144420865286 1177.437801421877
233.06639097004216 1182.1488618201365
233.77833926477277 1187.8545373531654
234.32218829338177 1194.1583566373104
234.73205908362917 1200.7592517176022
235.03566105673568 1207.43202745467
235.25544156565053 1214.0115186437574
235.4095357440872 1220.3797716285533
235.51255057504977 1226.4557026361135
235.57621142750378 1232.1867808846225
235.60989458199154 1237.5423639852154
235.62106531845495 1242.5083790134706
235.61563784495124 1247.0830971536463
235.59827059756444 1251.273794928482
235.57260815015837 1255.094132311803
235.5414790627278 1258.5621088076964
235.5070574062069 1261.6984839747013
235.47099437712362 1264.5255697973644
235.4345253134507 1267.066319527281
235.39855650658933 1269.3436517690602
235.36373544283632 1271.379960203678
235.33050747519098 1273.1967688628313
235.29916140143087 1274.8145006588652
235.26986598905393 1276.2523332389587
235.24269912693117 1277.5281214210654
235.21767098480709 1278.6583696909165
235.19474231466737 1279.6582416666674
235.17383882374025 1280.5415962130942
235.15486238024104 1281.3210421284327
235.1376996738473 1282.00800513123
235.12222883826263 1282.6128023221142
235.10832444888706 1283.1447204521967
235.095861231072 1283.612095250193
235.08471675079133 1284.0223897889007
235.07477330739525 1284.3822704449685
235.06591920542755 1284.6976794539148
235.05804954761763 1284.9739034095871
235.05106666272806 1285.2156373237037
235.04488025880553 1285.427044063067
235.0394073736038 1285.6118091327235
235.03457217873878 1285.7731908835117
235.03030568185474 1285.9140663007497
235.02654536119314 1286.0369725843022
235.02323475902202 1286.1441447645268
235.02032305404464 1286.2375496181612
235.0177646278608 1286.31891615667
235.01551863656118 1286.389762959764
235.01354859539242 1286.4514226210058
235.01182198197426 1286.5050635623757
235.01030986164633 1286.551709461787
235.00898653706093 1286.5922565228464
235.00782922303085 1286.6274888004918
235.00681774681425 1286.6580917800952
235.00593427341425 1286.6846643916574
235.00516305504124 1286.7077296251684
235.00449020359142 1286.7277438982762
235.0039034848077 1286.7451053132795
235.0033921326802 1286.7601609271956
235.00294668259778 1286.773213146329
235.00255882175935 1286.784525345376
235.00222125538636 1286.7943268006507
235.00192758733132 1286.8028170174666
235.00167221374815 1286.8101695230303
235.00145022857012 1286.816535188336
235.00125733962685 1286.8220451354607
235.0010897943193 1286.8268132802655
235.00094431385926 1286.8309385547875
235.00081803516417 1286.8345068484753
235.00070845958106 1286.837592702841
235.00061340768912 1286.8402607900255
235.00053097950408 1286.8425672021406
235.00045951947462 1286.8445605750326
235.00039758572314 1286.846283067251
235.0003439230409 1286.847771212484
235.00029743919927 1286.8490566614803
235.00025718418667 1286.8501668275107
235.1018673186958 1287.1092714455747
235.36971315795716 1287.7904190850957
235.79765947951736 1287.859805050012
236.35204160357006 1286.6681294677737
236.93692896749374 1284.8555794882661
237.56141389294285 1282.7048722109557
238.2592534850424 1279.9143724657004
239.01171607251646 1276.6243250428788
239.8092583964955 1273.0693188520981
240.59878901365087 1269.0477755529475
241.30551336554566 1264.4416982655591
241.89345072787026 1259.5074440322771
242.38909266106245 1254.5763078932557
242.82790024780567 1249.7789900094813
243.21585085682148 1245.183495572479
243.55839584109358 1240.8348275235037
243.8604855483268 1236.7602970137418
244.1265984150411 1232.9737670810619
244.16877630695916 1229.762989401039
243.8686532859446 1227.304786217669
243.32640283498841 1225.4469093645966
242.62007784456983 1224.0656644518324
241.80995924066062 1223.0607978169335
240.94210266624282 1222.3512709030053
240.0512252342552 1221.871771468984
239.16304991403655 1221.5698361625186
238.29620478335258 1221.4034799742215
237.46375748874428 1221.3392456178185
236.67445123538542 1221.3506005088225
235.93369699521347 1221.4166212183732
235.24436697895393 1221.5209154557906
234.60742642994563 1221.6507401157214
234.0224341867607 1221.7962809920816
233.48793699505973 1221.9500656445484
233.00177803311504 1222.1064857993451
232.56133638844668 1222.2614097378762
232.1637111504951 1222.411868511047
231.805861254186 1222.5558026281037
231.48471012841765 1222.691858202074
231.19722249441264 1222.8192234691783
230.94045925711293 1222.9374982035606
230.71161528486044 1223.0465898770126
230.50804393410021 1223.1466315124674
230.32727140994749 1223.237917088645
230.16700342966098 1223.3208511036466
230.02512614909762 1223.395909524414
229.89970290118595 1223.463609859212
229.78896796307097 1223.5244885103139
229.69131830058504 1223.5790839093816
229.60530402332074 1223.6279242215526
229.80067140891848 1223.0132463420402
230.44847515028727 1221.3172631201005
231.45601072754243 1218.988890209953
232.7675458221839 1216.4632545999775
234.35446882676382 1214.0100297174522
236.0065493739985 1211.5422678027319
237.5905399731123 1209.3238806721386
239.16488941287798 1207.605974303831
241.60063401911188 1206.1266814833505
245.55240767596038 1204.5107518197847
250.7430649837294 1202.4227334202399
256.7179843382788 1200.2167025650692
263.10630117496595 1197.9498006461668
269.68969170836607 1195.491926868575
276.26833371684086 1192.6698142204634
282.89537137911867 1189.2713219286768
289.5824211119523 1185.3354969161444
296.363722602429 1181.0302093034982
303.7250963118817 1176.8788353859768
312.5104836051099 1173.5203508327431
322.8748437227259 1171.0949625754506
334.3976245891336 1169.4693351580695
346.80429711083036 1168.8642530831985
360.92804591371316 1168.4390817063074
377.2454650447092 1167.3471977966035
395.02927937892287 1165.6287684991398
413.84983070168647 1163.5024765552484
433.83129695663814 1161.632707905278
454.9933041610442 1160.377177073738
476.9759172504955 1159.2053491829026
499.63685096766903 1157.6330891843754
522.7961748350904 1155.7072099183881
546.0274893222361 1153.2188281630597
568.9410109704469 1150.2960489132918
591.0907035381607 1147.4796462107681
612.2434305538216 1144.934083388305
633.3645272455775 1142.3955467545509
654.0494941259209 1140.2958578019727
673.120385705188 1139.125392395707
690.6028459501272 1138.6555039077227
707.544003233713 1138.537015737096
724.8282392307367 1138.6234781134538
742.3054738292728 1139.0563111699755
759.689369906706 1139.9436070586266
776.733293030961 1141.0433126689686
793.4169494902335 1142.1456707118823
809.808207481638 1143.2859849546596
825.9163983885533 1144.674246765449
841.634542916371 1146.36317372248
856.7847920349691 1148.1874316212713
871.2707875036791 1149.7973833941635
885.1452580044503 1150.9015125841206
898.5075378073363 1151.5006160956468
911.3953923821035 1151.6605962290898
924.09858775328 1151.7811440391408
936.7770475437374 1152.058161037491
949.5197431401727 1152.4085556456284
962.3647073255704 1152.6479409615122
975.1935242585137 1152.7752544051104
988.019208177431 1152.5503954712474
1001.6034986667872 1151.805440546405
1016.5316919238674 1150.730465445419
1032.5569062865688 1149.650167072052
1049.2515547565731 1148.2093810922709
1066.310136601212 1145.975287901468
1083.4431324749276 1143.715192336995
1100.2303137530146 1141.9299841641264
1117.303727329133 1140.7223050583982
1135.1836002277305 1140.1794408316584
1153.594929967729 1139.96090631402
1172.190600287474 1139.7905393857138
1190.5146992679659 1139.6588797791208
1208.603346155265 1139.3387867473284
1226.5306479823319 1138.452223381199
1244.07500851064 1137.6154992578854
1261.9086395680772 1136.7618221112043
1280.3657340265688 1135.0970332403458
1298.8808914160504 1132.6465730102743
1317.150735260475 1129.5928973629532
1335.0526986544246 1126.2080999755703
1352.5760436187188 1122.2906855868994
1369.866090379281 1118.2819636584654
1387.0252841253266 1114.9105795068203
1404.2972290843377 1112.1883079383515
1421.8937439282245 1109.9795818024038
1440.010765759569 1108.3652527318927
1458.6035736166868 1107.0976943777432
1477.3359783301873 1105.6304462789412
1496.0052691058931 1104.2028309827108
1514.4908840440194 1102.969464961526
1532.6767067843589 1101.6299823706347
1551.0332833785546 1100.6138549739408
1569.7871627136815 1100.0909831004112
1588.5046537330186 1099.5409058886214
1606.884124590611 1098.8019650656033
1624.6491845684625 1098.0331783172057
1641.6761220915575 1097.6524480575379
1658.0490543914877 1097.8511465376153
1673.7644655961064 1097.2135486085674
1689.0649295177616 1095.2438465476848
1704.3922521750872 1092.7061849325655
1719.8754217737517 1090.0600666213934
1735.4822973022108 1087.8756820839967
1751.222277798729 1086.0084335741328
1767.0389085794943 1084.0300440484782
1782.897327425868 1081.752833646109
1799.0571159029819 1079.330040966294
1815.608708785109 1077.567292910669
1832.4296081399214 1076.824365799667
1849.7481710439909 1077.0864297834403
1867.5542385288297 1078.0015808190374
1885.4404761481467 1079.1105070467947
1903.2056080993802 1080.280819681901
1920.8797165639962 1080.728736478899
1938.4246954416212 1080.118861682862
1955.6217737886675 1078.8775397485654
1972.4146512038924 1077.433313019983
1988.8054657991315 1076.0929903610045
2004.7389496913654 1075.1764843214082
2020.6113547726286 1075.4854995909607
2036.7865379836944 1077.136770820609
2053.271121223295 1079.6337203801493
2069.779647992852 1082.5071995351777
2085.8821296742676 1085.8390869572193
2101.5760699428915 1089.5678483978274
2117.0038230905225 1092.8650137742789
2132.213495074814 1095.5703329670098
2147.180717026659 1097.9188488879747
2161.6734521933085 1099.9956686083165
2175.480748887159 1101.5044582781572
2188.402749481844 1102.4636474372007
2200.3225627251504 1103.3608728647023
2211.2754205128435 1104.2869440561888
2221.366036651454 1105.1519226351209
2230.740278511728 1105.6327631841102
2239.532593778264 1104.7087714844452
2247.8679383481526 1102.1325616562513
2255.842579947861 1099.2939029316058
2264.0135276824785 1097.6548204136618
2272.6922218155337 1096.9316572614284
2281.6389307521067 1096.3868785869258
2290.801185287094 1095.6849145744234
2300.1577540604667 1094.970951427212
2309.5637893934672 1094.7145918145795
2318.832582843382 1094.777093292286
2327.7991714416994 1094.6123639673585
2336.368027100898 1093.911053766958
2344.4369401277713 1092.799185333837
2351.935958904186 1091.3745811714587
2358.6985487571937 1089.4854763002604
2364.547596164148 1087.4323744850092
2369.4919377148776 1085.8228731527752
2373.5670589933093 1084.4411562990915
2376.8583950044804 1083.599184308554
2379.4242509463284 1083.5756340561943
2381.3448284508972 1084.4823547586575
2382.793496791907 1086.048977637243
2383.4366244147027 1087.5896361833286
2382.947510349339 1089.312850615452
2381.541012539297 1091.254318714723
2379.470887654925 1093.0886148981972
2376.971008356721 1094.9541876026528
2374.2227745581113 1096.9267975135213
2371.2931020938195 1098.631529216055
2368.2365152466814 1099.8735466084122
2365.1103771434373 1100.742106911326
2361.9868939628504 1101.1895610319698
2358.910078922834 1101.1513615682536
2355.9817808184243 1100.8791352372705
2353.3496336396056 1101.013826417348
2350.9356847729473 1101.5785957264216
2348.6495768900136 1102.036320972957
2346.5675259246877 1102.3008622821137
2344.794182759206 1102.5585910345496
2343.3807275863082 1102.3855656920073
2342.324958684284 1101.3066823128863
2342.040997784742 1100.5177084231725
2342.766589783655 1100.96924823423
2344.2650671806773 1101.8955302331437
2346.4307843882166 1102.7269266901396
2349.185082154433 1103.4058320077984
2352.4159356545188 1103.770907047127
2356.0598052104274 1103.7919123988268
2360.166861470036 1103.4721518650822
2364.5772743880334 1102.8535282772368
2369.1693666774754 1102.3650806444316
2373.986432066792 1102.321803054959
2378.959629064625 1102.9219791922085
2384.183144487937 1104.977422949077
2389.6864055908754 1108.2644620272586
2395.7456709624453 1111.9558638812018
2402.638373163636 1116.2588689419522
2410.258813710943 1120.821896144844
2418.4352797173833 1125.1433117352105
2426.861322308879 1128.9572774449873
2435.1743480273785 1132.0182014643492
2443.1560648954096 1134.4920256002515
2450.7283052325365 1136.508528146573
2457.7927799394056 1137.9302984983374
2464.2640509721114 1138.6322600388057
2469.9732260957953 1139.0069809077236
2474.7727916754056 1139.246100269263
2478.6542555936453 1139.2235332285402
2481.6088805405166 1139.0518603762807
2483.7085631931895 1138.4613650081528
2485.0638771657677 1137.4634268905622
2485.7285534282787 1136.239699683377
2485.695351556405 1134.735360771222
2484.7518713347517 1132.9816307706215
2482.6459034848176 1131.0783166266062
2479.4084412570646 1129.0250293920774
2475.1386211755375 1127.9379680016666
2469.4455565644253 1127.740436973672
2462.0084749257317 1127.3930054141247
2452.72380222745 1126.901059816741
2441.6775629562812 1125.9864177284737
2429.282713990476 1124.413514833132
2415.6860062011574 1122.3428930923167
2400.786262098505 1120.2851762986052
2384.433838342222 1118.2905342157883
2366.7032135433547 1116.1293519614903
2347.9968548374836 1115.0982635100463
2328.275742942039 1115.3789418804804
2307.520552967539 1115.7512221006198
2286.0891988383128 1115.8348291402326
2264.055886591657 1115.3562230701214
2241.227939280059 1113.9905397929083
2217.3602612076484 1111.9662238152243
2192.406325633385 1109.9690508253052
2166.539019605138 1109.4766861693847
2140.0576695608547 1110.3527254925373
2112.8476519240658 1111.1407267403056
2084.7982890001167 1112.046168835903
2056.3814964049984 1113.128771298758
2027.6803185278682 1113.6787570127474
1998.0979994180166 1113.3127426481165
1967.4742155121403 1112.3534059044205
1936.1563063186177 1111.793932823788
1903.5820301990357 1111.8832470427935
1869.6250734065381 1112.6498514524997
1835.1243089762484 1113.6188209397237
1800.5068889560869 1114.267893035965
1765.864314560814 1114.9694634924772
1730.789483507408 1115.5798887795042
1694.9895682453416 1116.1157603490533
1657.8586266202965 1116.6462449067594
1619.5170975677534 1117.3406644254828
1580.4570559291462 1117.9350913687178
1540.8446859080461 1117.8084923792671
1501.4894668847382 1117.1457618783315
1462.9537376204917 1116.7444241379583
1425.5187804657835 1116.6350479133287
1388.7770432782363 1116.9476784798626
1352.5542264200851 1118.2951728204848
1317.2525221566407 1120.3120582962522
1282.2691889030768 1121.858916939004
1247.3784872643052 1121.9937495528616
1212.7313475303315 1121.6180349278698
1178.3825995779064 1121.695630244606
1145.0985744322875 1120.9400871513778
1113.2820150734885 1118.8105387100288
1082.6709997603725 1116.0968033950392
1053.1693319446804 1113.243027624834
1024.684625763187 1110.7796536251794
997.0230836838562 1108.8386730815632
969.9241033242821 1107.520281550153
943.2212003497634 1108.0047301496086
917.1659986222578 1111.0453701794086
890.9426006148817 1115.6634310041147
863.6924028003139 1120.804804777207
835.8475868364549 1126.5035639026278
808.049092330265 1133.0387811459018
780.5543325228556 1139.86907254488
753.454386056027 1145.9517378404978
726.8527196941665 1150.9906933590935
700.9953376462631 1155.1054474542157
676.0203058667771 1158.1444339987136
651.8076179779923 1160.1434255064446
628.3681443074167 1161.1884136920748
605.8241460549368 1161.4895645357644
584.2228910455935 1161.429336253228
563.5166551191356 1161.0121750380918
543.7456852921852 1160.0208400380425
525.0605621480149 1158.4132906040898
507.55885723617473 1156.5653971796364
491.14273876956605 1154.734899290001
475.65031016116836 1152.9097942889578
460.99346579863857 1151.4631004164823
447.12716111780344 1150.636098905678
433.5831694263327 1149.9537429326758
420.0831699532399 1149.0919066617525
406.8832257117341 1148.3240988182201
394.1213321719018 1147.8731721663503
381.84770471602576 1147.723244101346
370.0527304093157 1147.6007487102838
358.7793688019598 1147.5409709431042
348.06222058554107 1147.8733728643322
337.875375575498 1148.7197332455462
328.2643756491719 1150.1582076343532
319.1344635920471 1152.0639735708883
310.38824434738393 1154.2196035849868
302.0964979915787 1156.5871917043228
294.3092903959235 1159.1679367733102
286.991830308306 1162.167260296134
280.17306271188914 1165.527580870493
273.88472713379446 1168.918920021768
268.0752448601022 1172.1831872048829
262.76446708339165 1175.326258615523
258.03595160145574 1178.3193980491994
253.88570840846884 1181.1178980312784
250.18433663192627 1183.8523796841762
246.8259152562774 1186.5390058699727
243.76806426210726 1189.1727927364452
240.97908861229848 1191.732107035965
238.43535563687004 1194.145471698601
236.13129005041708 1196.3743687099418
234.06773608382682 1198.4611626239925
232.2291597571581 1200.4980076995148
230.58846751793666 1202.4514699861636
229.1107589068141 1204.2528132734328
227.78445771415127 1205.8665391598083
226.60758213730605 1207.2589368135232
225.57056938610089 1208.4877862739772
224.64044370768082 1209.5674511618436
223.80416778956928 1210.4542342378163
223.0700740617378 1211.1308221206214
222.44316093686396 1211.474842727185
221.9235491985272 1211.4367201900266
221.44804372618535 1211.2130579417985
221.00678373515203 1210.9684977593047
220.6654407923365 1210.6486581752656
220.39613438822823 1210.2090243405955
220.1425949585767 1209.6790425945915
219.9233702847848 1209.0055250779228
219.77746578957633 1208.3252267707703
219.6807965102228 1207.6957387488358
219.6634872114117 1207.0336896414008
219.74469051378148 1206.3357136779548
219.87466631153058 1205.616632151394
220.05982750369367 1205.0768123700016
220.29077126149392 1204.8102453187348
220.49425162753315 1204.6585440146985
220.59741516458647 1204.3795368003712
220.6334453750787 1203.869075050206
220.67929820910047 1203.0992346720418
220.72972267067283 1201.9187688022478
220.70487592028638 1200.463555916205
220.6580342579171 1198.959718739947
220.70330778748027 1197.3897068938181
220.8012637834973 1195.7319880001803
220.91550597914647 1194.1517462455097
221.07179689166367 1192.834010397355
221.2935822971687 1191.757950434514
221.4944306519536 1190.869805744409
221.6250862071231 1190.2011851900174
221.65476866434886 1189.7417684590127
221.5251829520224 1189.4065221826584
221.2725985748911 1189.1189510805632
220.96965751603068 1188.912795041352
220.7138413190449 1188.8045323081128
220.53949390129728 1188.7328129456903
220.42287711173265 1188.6900991065818
220.3281550890544 1188.6555871173537
220.2134402279186 1188.7457396511002
220.10481668328396 1188.9662875163424
220.006287281027 1189.1023099877418
219.89096022952324 1189.0898675522033
219.76594494186998 1188.9956555375627
219.62532357287378 1188.8939359571987
219.47721335431677 1188.8259144392505
219.32046319853373 1188.8862213139585
219.20720323886482 1189.0450898412453
219.12935226062916 1189.1612942435997
219.01507009929742 1189.3240960700252
218.8663020204736 1189.6640418214267
218.6900779438054 1190.2000268410538
218.47555386178558 1190.9027814027106
218.23341008867607 1191.7113652751577
217.9644054127985 1192.5921067593838
217.6550825266048 1193.5567988626162
217.34054651028498 1194.520039313175
217.04445839906336 1195.4149555419485
216.76297268695964 1196.2647487508832
216.47564538462993 1196.9212508437488
216.1806101659359 1197.3941284136204
215.9195082558532 1197.793589020141
215.69283396560562 1198.2231427982033
215.48034557145292 1198.7733120533262
215.27150237007436 1199.295849828596
215.11581898384108 1199.8327932294815
215.0660018227712 1200.5393625001966
215.08775059494758 1201.131647049782
215.17348289011593 1201.5167975321447
215.32446023687064 1201.9277428203645
215.5312290734818 1202.460162437907
215.72767127694607 1203.1301807244479
215.8771013758208 1203.8072126234597
216.03273129032826 1204.4937414479882
216.1822602692155 1205.1521406083532
216.3034642250021 1205.7321637720522
216.406703790352 1206.2510389258373
216.53417014844146 1206.8339188506156
216.7076010971563 1207.580945566936
216.8827986143833 1208.4972552215877
217.04572969968757 1209.4199547897535
217.20106152097074 1210.3396914712257
217.33658280099823 1211.4183147732435
217.4382074341083 1212.7041164003188
217.51942027455445 1214.0923307315827
217.59980118712974 1215.3262027039602
217.68911886253122 1216.375672396774
217.81608068832313 1217.3043349330594
217.97170399701363 1218.0991699075344
218.11769415842855 1218.8457755183636
218.25428490320593 1219.5606207936958
218.3859335548223 1220.1251094312506
218.49457150522107 1220.520005804868
218.6018469479644 1220.7185508204457
218.71513177830928 1220.7229632735828
218.81454446704913 1220.6111684453488
218.89041780379355 1220.4681253833423
218.95396514744306 1220.3157260221337
219.05117458954192 1220.3681573949996
219.1913511727077 1220.6166948681566
219.34878272534118 1220.833197188915
219.510060781787 1221.1000436610996
219.6310878444669 1221.4559239557263
219.71167842470095 1221.599459152089
219.75353331933576 1221.5122354433242
219.71221231060946 1221.313083309386
219.5564623658591 1220.9786820311083
219.31767892650535 1220.5902519856247
219.02182537608527 1220.1056111060234
218.68162487381335 1219.5282853792517
218.3267464585104 1218.82899740548
218.00886299290386 1218.1667655879046
217.80071538610812 1217.7252009649749
217.6688329997957 1217.3899307314214
217.56973382381472 1217.0782303075796
217.5466519287457 1216.9849529132696
217.62173560762628 1217.1284357578006
217.77175236379375 1217.4359274684716
217.95034687177608 1217.8874323306438
218.16996009179203 1218.5414413382052
218.45098328259408 1219.5877349450948
218.73700061172525 1221.1471915617094
218.9997769621242 1223.1508800423437
219.2621360965475 1225.3717439132736
219.57376739408187 1227.9747933936574
219.95118914430506 1231.075036224343
220.368175867767 1234.4688731428716
220.8048127689933 1238.0019931380143
221.246203837057 1241.5592565402835
221.6814238801903 1245.0564912235363
222.10267062297277 1248.4338575154984
222.50458063225685 1251.6504974123045
222.8836791766039 1254.6802334800518
223.23793938070872 1257.5081241118114
223.56643039239182 1260.1277160169343
223.86903788659208 1262.538863140689
224.14624321468784 1264.7460046390102
224.39894997374438 1266.7568138933761
224.6283488067356 1268.5811465347156
224.83581292458177 1270.2302286277416
225.0228182249078 1271.7160370270622
225.1908830214702 1273.0508328522667
225.34152333440713 1274.2468163724027
225.47622045990212 1275.3158776163352
225.5963981676518 1276.2694219633008
225.70340738987935 1277.1182540075197
225.79851668660598 1277.8725062896385
225.8829071151186 1278.541602176692
225.9576704108335 1279.134244359405
226.02380961346185 1279.6584222105823
226.08224145596273 1280.1214326850823
226.1337999820181 1280.5299106016269
226.17924097711273 1280.889865079933
226.21924689405242 1281.2067196549767
226.25443203027348 1281.4853541878713
226.28534777517734 1281.730147168046
226.312487793915 1281.9450173772661
226.3362930519687 1282.133464181544
226.35715661451349 1282.2986059476607
226.37542817750972 1282.443216259578
226.3914183051031 1282.5697577468145
226.40540236126606 1282.6804134403312
226.41762413358288 1282.7771156484953
226.4282991543672 1282.86157240179
226.43761772948122 1282.935291554649
226.4457476887635 1282.9996026597025
226.45283687423867 1283.0556767467654
226.45901538357637 1283.1045441483857
226.46439758682573 1283.1471105175817
226.4690839344652 1283.1841711829775
226.47316257442316 1283.2164239830847
226.4767107950612 1283.24448071587
226.4797963102595 1283.2688773327002
226.4824784017714 1283.2900829978314
226.48480893297886 1283.308508126199
226.48683324711848 1283.324511503706
226.48859096199263 1283.3384065857076
226.49011667215066 1283.3504670611408
226.49144056853837 1283.3609317618325
226.49258898467875 1283.3700089890524
226.4935848775699 1283.3778803223656
226.4944482506708 1283.3847039693367
226.49519652559184 1283.3906177086346
226.4958448684161 1283.3957414735773
226.49640647594552 1283.4001796181312
226.49689282659182 1283.4040229028112
226.497313900112 1283.4073502337947
226.4976783699191 1283.4102301848266
226.4979937712758 1283.4127223281466
226.49826664830042 1283.414878397651
226.4985026823751 1283.4167433048165
226.49870680424294 1283.4183560255076
226.49888329181167 1283.4197503736445
226.4990358554405 1283.4209556758115
226.4991677122744 1283.4219973591878
226.49928165100073 1283.4228974636933
226.49938008823554 1283.423675087907
226.49946511760015 1283.424346777153
226.49953855241685 1283.4249268611084
226.4996019628381 1283.4254277473792
226.49965670812244 1283.4258601766871
226.49970396468055 1283.426233444602
226.49974475043706 1283.4265555941377
226.49977994598467 1283.4268335829786
226.49981031294644 1283.427073428633
226.49983650990978 1283.4272803343824
226.49985910624886 1283.4274587985353
226.49987859411135 1283.4276127091694
226.4998953988106 1283.4277454262651
226.49990988783242 1283.4278598528897
226.49992237863947 1283.4279584968724
226.49993314543147 1283.428043524229
226.49994242499983 1283.4281168054263
226.49995042179648 1283.4281799554367
226.49995731232147 1283.4282343684074
226.49996324891993 1283.428281247663
226.49996836306713 1283.4283216316614
226.4999727682101 1283.428356416445
226.49997656222519 1283.428386375057
226.49997982954264 1283.428412174329
226.4999826429836 1283.4284343893917
226.49998506534763 1283.4284535162165
226.4999871507844 1283.4284699824536
226.49998894597903 1283.4284841567944
226.4999904911758 1283.4284963570583
226.49999182106237 1283.428506857178
226.49999296553332 1283.4285158932307
226.49999395034928 1283.4285236686442
226.499994797706 1283.4285303586921
226.4999955267254 1283.4285361143727
226.49999615387944 1283.4285410657562
226.49999669335574 1283.428545324873
226.49999715737312 1283.4285489882056
226.49999755645356 1283.428552138837
226.49999789965702 1283.4285548483042
226.49999819478367 1283.4285571781968
226.49999844854852 1283.4285591815346
226.53952727265977 1282.2669039134173
226.60417285681166 1278.947319322735
226.7279216798868 1273.4791455223312
226.9824316118803 1266.430130945351
227.37603520754348 1258.4984771262743
227.98398979414998 1249.9388160649894
228.90320515779135 1241.0357061123939
230.14686485427626 1231.8854062865469
231.6076615429879 1222.766678856455
233.20195091389974 1214.0646227564487
234.82787318713096 1205.8652453543807
236.42303593513392 1198.327795383315
238.06562358105563 1191.6967952621778
239.7586227699092 1186.040660671418
241.446462904753 1181.3157559098918
243.13288830382612 1177.818571978689
245.47938689610336 1175.0036922869845
248.98737200352122 1172.352609406768
253.4129425873272 1170.1341851000632
258.49583286640365 1168.3006877465332
264.02134009297833 1166.5304511225766
269.80767871993027 1164.6672539019507
275.83607609612096 1162.7744697905187
282.2314795942277 1160.9428686095357
289.1198771871153 1159.3451782224874
296.6881641423498 1157.9210777040203
305.265615468022 1156.583846233844
315.04953661654923 1155.4274449870038
326.0759917273397 1154.7458405574969
338.1037857891668 1154.7030144561945
350.7634214139965 1155.0708653321303
364.88452901887183 1155.619131855975
380.81994327347854 1156.2753904583385
396.9252254726567 1156.9303616728562
412.0721637315109 1157.1237236937172
426.18695782405 1156.7840234031205
440.0012290069601 1156.1828218388723
454.02807804717736 1155.0838620212355
467.92451853909154 1153.370951089017
481.4119070549459 1151.404260918913
494.3257536680795 1149.5951402772823
506.6466810218476 1148.2260790401679
518.4321375033201 1147.0160260757223
529.6669884588961 1145.4410229408988
540.3407797670487 1143.1461560422945
550.4877306637185 1140.0762476052578
560.4849606007638 1137.7898454384588
570.65204296067 1137.1164206229519
580.5548827299307 1136.0570609117876
589.8031868115236 1133.6089936924814
599.1023894609277 1131.2023880226602
609.0497161715242 1129.476759366313
619.410610071005 1128.065440799358
629.9231250432395 1127.2377044770005
640.4937391753251 1127.0085392512633
651.0534162142785 1126.9855982285326
661.6194424048108 1126.8860055981397
672.5957839918897 1126.511295220046
684.2824639034768 1126.1696781561973
697.1690390206137 1126.355283186565
711.5388926365665 1127.3435040847373
727.1211502223117 1128.9684079164656
743.9612987588987 1130.6808538543676
761.980764883892 1132.3314941549693
780.8242296328971 1133.7512155813104
800.0510526478674 1134.7061412316339
819.2263001214341 1135.3818150394852
838.0481596459663 1135.9618084900585
856.5280474684452 1136.6256528479764
874.9121892267682 1137.4938986300385
893.1225713573331 1138.541544910447
911.0275182975838 1139.7852392009922
928.4935905061393 1141.2043041078114
945.2599748881122 1142.7198271924979
962.7674812182969 1144.4272651052759
982.3300888329593 1146.2003501812915
1003.6319388234266 1148.317660405133
1026.4627235681137 1150.6943589339114
1050.869362511858 1152.2036921066845
1076.533957253642 1152.2281169283524
1102.7749276804002 1151.2418797385487
1129.0816479130483 1150.5936765726242
1155.6723117149795 1150.590392230332
1182.6379328912521 1150.3174060219312
1209.5910997844453 1149.5096297871871
1236.4811635447763 1148.0821435616685
1263.4210422948145 1145.8043878966946
1290.4227449560801 1143.0209600524645
1317.6124528526507 1140.7297271614707
1345.0979268798178 1139.8107761031774
1373.0188140632508 1139.816538324303
1401.2541737988886 1140.061471258789
1429.9076382665396 1140.2166679476397
1459.34351903015 1139.5467302940756
1489.5951004114506 1138.1857415340096
1520.701484063511 1136.5588085468885
1552.5187959869706 1134.3709505789568
1584.7580442847632 1131.9711497790447
1617.217807089367 1129.51943960637
1649.632054400186 1127.3510667040287
1681.5528865618985 1126.2225470820133
1713.0978013974159 1124.978484046694
1744.4071227741879 1122.8398571642665
1775.2529476282468 1119.8504611161575
1805.772457145428 1116.623439389962
1836.1769314269845 1114.211249973379
1866.6564689510542 1113.214866586254
1897.4808857071785 1113.849863742293
1928.667311189229 1115.9227491970582
1959.8612856989812 1118.8000136592432
1991.3198417526942 1120.4832283790893
2023.1770053819996 1119.8847272801872
2055.2239185727058 1118.385437267945
2087.4058725490777 1117.0960471330513
2119.8301754634995 1116.0491138486832
2152.9409283335785 1115.1864523390454
2186.550985404191 1114.659853814321
2220.0315293013487 1114.063906172975
2252.9665305897674 1113.1445420348375
2285.612231957394 1112.460632274237
2318.141272649984 1112.5256362959863
2350.2823889267966 1112.5430177724552
2382.2593728942807 1112.1611641406741
2414.0737428235884 1112.3560263939678
2445.689980366767 1113.2975117848107
2477.4424362130894 1114.3006746714268
2509.2959003586593 1114.9027262876298
2541.0143127123843 1115.2812735129326
2572.22952877424 1115.7125888613916
2603.254118890723 1116.63034500414
2634.2935768136313 1118.1920339510204
2664.8317173924966 1119.0792281256572
2695.061179308625 1118.6157473006908
2725.3068520116885 1117.3373201282502
2755.317690148364 1115.7270660770112
2784.772011069595 1114.2045463012566
2813.5132824097486 1112.9413937083823
2841.7124341863037 1111.9783012959215
2869.4604115966517 1111.292916685506
2896.64860440749 1110.8731714426012
2923.171742034674 1110.7062936352452
2948.7377184062725 1110.8273322372836
2973.6389278497895 1111.4343854735744
2998.331097158932 1112.4822461185247
3023.015208266516 1112.7504297323264
3047.847517237657 1111.9205553945021
3072.791144304 1110.8650799445845
3097.839457790972 1109.8102056615862
3122.808737595213 1108.8072666521737
3147.7842179968866 1107.7949206480014
3172.95803074976 1106.8196621357472
3197.9006111736694 1105.9215013674334
3222.260637369355 1104.8608475656558
3245.957516652282 1103.6634794536967
3268.8461266411746 1102.4640879171993
3290.749487061403 1101.2902737861982
3311.571241941242 1100.1210207802267
3331.248207262506 1099.1003189686683
3349.686644758759 1098.3401515371952
3367.290789457723 1097.8521551113765
3384.342384458912 1097.4371936434095
3400.6534563299415 1096.8930184762328
3416.092301420639 1096.2143161933436
3430.6112771329285 1095.4700602759715
3444.2043870020284 1094.934285574985
3456.951535669215 1094.0466435805486
3468.9850771084916 1092.7756105450962
3480.339621567836 1091.8918747034638
3490.996521796818 1091.7729306705583
3500.9695197208694 1092.4635664028922
3510.1915958666973 1093.3280465145795
3518.768138397913 1094.391323501503
3526.8068496210067 1095.3251236645126
3534.366994849345 1096.0877265658703
3541.518957017304 1097.4057137138461
3548.2192153747083 1099.2158839949698
3554.444438633193 1101.3080992644968
3560.14442452889 1103.5983120432445
3565.323954763419 1105.9797431068055
3570.0395076439404 1108.1587708310299
3574.201447839422 1109.9879634937133
3577.783056806202 1111.52223047789
3580.767019195826 1113.0161975609522
3583.0965841693633 1114.7687040720875
3584.8970413939946 1116.7402160499005
3586.2319818282767 1118.77889183242
3587.0691860999523 1120.9131507020418
3587.4630823234716 1122.9469920324964
3587.453319663047 1124.620584624886
3587.0648653268017 1125.959933075171
3586.3322799987077 1127.040164772801
3585.2509929634275 1127.7399116731658
3583.9103826225687 1127.9798017289027
3582.397364776349 1128.0094610421706
3580.2188394709037 1127.760642011223
3577.0824526836104 1126.8027274874232
3573.167694672258 1125.5380247009762
3568.5785411025495 1124.2919777580469
3563.37308723616 1122.7395530262127
3557.30226091807 1120.9445958231179
3549.9711665929285 1119.5484349150152
3541.313965320851 1119.0219730976537
3531.274294168606 1119.2718435073102
3519.5867253257998 1120.1309836950961
3506.2265927538997 1121.1273644443256
3491.003463740756 1121.914292924969
3474.053585090027 1122.698801876142
3455.9653725230737 1123.3246462650209
3437.0949455481114 1123.7250792751295
3417.6744602382555 1124.135014112503
3397.8409544900564 1124.9928805205539
3377.7723162574857 1126.5280766641501
3357.3651210283533 1128.446201630256
3336.387559549664 1130.668799778705
3314.668633007427 1132.8624690266793
3292.1326467118984 1134.6215233548214
3269.0755489309886 1136.38034588991
3245.4401324010746 1137.8388167697635
3221.160972513856 1138.4604207491464
3196.601503711541 1138.3941861465617
3171.876657842132 1137.887587555605
3146.8496613206967 1137.6431191041027
3121.2501671941845 1137.9899587076404
3094.7794133166626 1139.0952873280444
3067.5322147768234 1140.755027182895
3039.8345875233454 1142.6857339924466
3011.319242161973 1144.7328606958852
2982.122712816725 1146.2275841093283
2953.0112813634323 1146.928901921907
2924.25573865598 1147.2054416611434
2895.9827581153822 1147.1308204442187
2868.2787065498874 1146.582901662162
2840.9853753148795 1145.6679472968638
2813.648490215389 1144.608667699584
2785.8471161850175 1143.8227850583075
2757.5821347870246 1143.5694713432981
2728.422784550092 1143.7944587667953
2698.354479010531 1144.1408002966969
2668.06283411523 1144.4298470051306
2637.8313994580694 1144.9615782207313
2607.8010003828254 1145.4242910661296
2577.9799898510937 1145.4690550361947
2548.109939180975 1145.2323478480776
2517.9549664445026 1144.5003475145265
2487.369553720202 1143.5732320960537
2455.947792172572 1142.6379619818722
2423.857458172213 1141.6197686720454
2391.8733193535827 1140.6560675735655
2360.406739412529 1139.27897319567
2329.5262669293184 1137.23514762958
2299.1595010414594 1135.0096738035825
2269.111418319673 1132.760330677128
2239.1989463918962 1130.4648593625216
2209.1934336946306 1128.2829322240013
2179.097518744532 1126.5657657357647
2148.48330799925 1125.5240125720807
2117.201000454372 1124.6342394428473
2085.8352965573463 1123.7315126295289
2054.8396727227964 1122.8901873632112
2024.145638145648 1121.8367928570683
1993.3848571817948 1120.4823309883086
1962.6101186546948 1118.9791969172356
1931.7330582006512 1117.4609003233613
1900.7644366291813 1115.7452718398793
1870.027463373127 1114.1195967055555
1839.0536240351432 1113.0058552423627
1807.7123760443626 1111.7951454939546
1776.5257439739646 1110.6544862599633
1745.5251764935283 1109.5217601168797
1714.4491190570816 1107.9857293983914
1682.9468372897252 1107.2120603551273
1651.0316324088735 1107.2838980073504
1618.9201098067097 1107.4251221344746
1586.905180371498 1107.5905412613395
1554.6680135223746 1107.60124147086
1522.0104796353833 1106.776108438388
1489.470949348281 1104.6128527792284
1456.9971076353263 1102.5087987398742
1424.603001006474 1101.6108764495234
1392.7954470298428 1101.2215349795129
1361.9820113932708 1101.275692515059
1332.4149048579284 1101.9569484978904
1304.1722904388794 1103.0851758318431
1276.5748571314189 1104.597606950128
1249.5440044939996 1106.7950198402282
1223.8478645535847 1109.502093909448
1198.3411738466907 1111.3957792978183
1172.1545688197934 1111.5639422463782
1146.0695830583095 1110.1763494085058
1120.595464593535 1107.8419016585908
1095.7929074011167 1106.4362462736312
1071.73736572196 1105.777843089041
1048.328662522023 1104.3729526519303
1025.3166428119698 1103.3403490182325
1002.7322824874145 1103.566256782253
980.7635950628548 1104.6583193495846
959.1318071835558 1105.8595722056543
937.6554300081988 1106.6253745043923
916.4422943828403 1107.1436248795906
895.308413390284 1107.7154721733577
874.3655182429644 1108.2835023720404
853.9857236376841 1108.6619286455502
834.3867706885623 1109.4814473128913
814.7251200593246 1111.6799875571012
794.4203718441161 1115.5110208593946
773.3863223174808 1120.439504273672
751.764697977349 1126.3587305072738
730.279776675318 1133.335364307791
709.1735706905071 1141.4461246269211
688.3327303203142 1150.4245363424004
667.8860542353565 1159.6893639439352
648.1215386296274 1168.8231211004909
629.0717236688577 1177.1373705046597
610.5902892876646 1184.3728518800333
592.8597877766354 1190.668653199926
576.20530480616 1196.1169178361658
560.67678286848 1200.3050452251193
546.4435032216126 1203.0160852414622
533.4038543394444 1204.3127751273073
521.3054471635737 1203.900404175583
510.36922178372157 1201.9484575538372
500.56301370205983 1198.5796633563511
491.717416261429 1194.1158394746542
483.73527739971956 1188.9884887690314
476.1202675286755 1183.2074508173102
468.561330945987 1177.1750893059025
461.11547884474015 1171.2847954557226
453.7422140404741 1165.5090913601848
446.2356979038232 1160.377456244727
438.5519468541503 1156.1743970443874
430.72863278730733 1152.633027159347
422.7588128510549 1149.826703689165
414.2350117699701 1148.0325654578348
404.8831634168466 1147.0439417792593
395.0447266778575 1146.4467121045857
385.0443514472797 1146.4686304489944
375.0672948493408 1147.0732973789607
365.28307843173036 1147.8665250826893
355.7841510186629 1148.5653794673444
346.6030467964887 1149.3580635510707
337.78157655829136 1150.799723337121
329.24744785654525 1152.9826372696807
321.0546439082108 1155.694279316001
313.3632066538894 1158.7549249568249
306.2477164704027 1162.1830747198512
299.79418835804574 1166.1523422345126
294.0596225945793 1170.6737950307752
289.009198848599 1175.8409351724508
284.61108763780027 1181.6167568755868
280.86434154883597 1187.7088230880186
277.67540279803666 1193.975234587885
274.9296966499121 1200.3037403785743
272.565857995671 1206.5393591150714
270.5309800008552 1212.5715267552753
268.7794541890334 1218.32435806641
267.27196865092805 1223.748815697217
265.97464297176697 1228.8164357998978
264.8582813439168 1233.5143212572614
263.8977278240476 1237.8411649642808
263.0713098543623 1241.804108129287
262.36035803948204 1245.4162736995438
261.74879179242174 1248.6948440304066
261.2227618678022 1251.659575849372
260.7703420167787 1254.3316652843946
260.38126305113207 1256.7328919525653
260.04668351528625 1258.884984441782
259.7589919535659 1260.8091604641172
259.51163644216626 1262.5258039303844
259.2989776453093 1264.0542485356057
259.1161621652431 1265.4126434406344
258.95901339681217 1266.617881523172
258.8239374785774 1267.6855746481792
258.707842261936 1268.630063635774
258.6080675043705 1269.4644532184989
258.5223247388835 1270.2006643903876
258.4486454840843 1270.8494982491682
258.38533664283017 1271.4207067957875
258.33094209570487 1271.9230672444028
258.28420963234475 1272.364457262254
258.2440624816402 1272.7519292444192
258.20957480368855 1273.0917822678343
258.17995059425806 1273.3896307903672
258.15450552834335 1273.6504694872422
258.132651334799 1273.8787338675652
258.11388235044853 1274.0783565034335
258.09776395071555 1274.2528188456067
258.08392259577073 1274.4051987030687
258.0720372673551 1274.5382135372122
258.0618321026139 1274.6542597714115
258.05307005814865 1274.7554483487202
258.0455474606517 1274.8436367885836
257.65509714857166 1273.8362448100017
256.63757710524123 1271.045788858063
255.18669652133127 1267.0208356348603
253.4526292441299 1262.186822039698
251.55064731488952 1256.8704578036763
249.5681540402159 1251.319606106996
247.57040101063762 1245.7194455719994
245.68982853719984 1241.1865331527142
244.01422909399994 1238.4408047292964
242.52407410084217 1237.0532863970393
241.2011328799327 1236.68272436078
240.02851517292234 1237.0590322059095
238.990672799687 1237.969713969474
238.07337159858244 1239.2487450975123
237.26364238890258 1240.76748144343
236.54971776286285 1242.427239814589
235.77413942512408 1243.5595188410598
234.7832088065815 1243.5505920722817
233.6327238930095 1242.1961224360398
232.40114386976464 1239.5176993617351
231.18346363947296 1235.9781643218807
230.0324041558787 1231.883980275196
228.94511274973655 1227.2500618418692
227.93836774535495 1222.07677441244
227.01773699790368 1216.5034298270941
226.15111486567892 1210.7231572737517
225.36755998794172 1204.881665680161
