3840.0 2160.0 25.0
person 1061 945 579 1234
person 1061 950 588 1219
person 1055 944 603 1225
person 1063 941 588 1228
person 1064 934 591 1242
person 1062 952 597 1212
person 1060 954 613 1209
person 1071 966 599 1192
person 1073 967 602 1185
person 1069 965 600 1192
person 1075 962 574 1197
person 1089 953 570 1212
person 1081 955 579 1209
person 1075 965 582 1190
person 1073 970 589 1180
person 1072 965 583 1195
person 1080 972 587 1180
person 1087 979 580 1165
person 1090 998 588 1130
person 1089 983 581 1153
person 1089 1006 609 1107
person 1098 999 600 1119
person 1140 973 580 1027
person 1093 1010 617 1095
person 1096 1001 618 1109
person 1113 1003 587 1103
person 1107 1008 596 1095
person 1103 1001 600 1114
person 1135 911 588 1295
person 1136 919 591 1271
person 1115 990 588 1130
person 1106 990 605 1130
person 1112 987 605 1134
person 1118 985 593 1139
person 1143 908 586 1303
person 1149 914 573 1290
person 1161 906 562 1306
person 1154 920 576 1278
person 1156 930 578 1259
person 1161 905 566 1306
person 1165 894 552 1336
person 1163 888 561 1341
person 1156 895 570 1322
person 1158 904 570 1306
person 1162 910 564 1298
person 1165 919 561 1284
person 1169 915 556 1293
person 1168 934 564 1256
person 1170 938 558 1246
person 1173 931 552 1256
person 1171 932 552 1251
person 1164 941 564 1231
person 1215 949 596 1227
person 1171 938 552 1249
person 1215 934 607 1248
person 1178 910 539 1291
person 1173 899 549 1314
person 1217 938 596 1243
person 1168 913 558 1285
person 1171 904 554 1306
person 1167 933 563 1252
person 1206 953 621 1206
person 1206 954 622 1203
person 1203 956 632 1201
person 1119 1033 621 1053
person 1126 991 598 1130
person 1122 993 589 1129
person 1118 998 591 1127
person 1117 996 573 1138
person 1105 979 575 1166
person 1096 994 590 1137
person 1096 963 570 1206
person 1091 965 565 1208
person 1083 968 574 1204
person 1066 954 596 1224
person 1067 944 577 1244
person 1070 945 560 1242
person 1065 937 539 1269
person 1070 930 501 1262
person 1070 923 490 1275
person 1065 913 489 1301
person 1037 914 503 1294
person 1028 920 498 1286
person 1013 927 519 1267
person 1007 897 532 1329
person 1006 909 521 1310
person 1000 904 519 1318
person 991 925 491 1279
person 972 914 515 1301
person 971 934 498 1262
person 962 934 502 1264
person 962 951 486 1221
person 885 995 485 955
person 873 979 494 1001
person 822 972 531 1021
person 825 962 511 1017
person 811 976 527 997
person 764 981 555 1009
person 770 963 539 1188
person 768 963 535 1187
person 761 984 546 1146
person 724 949 556 1215
person 668 994 596 1159
person 605 994 646 1158
person 574 965 580 1261
person 532 957 628 1267
person 486 961 651 1250
person 454 982 650 1183
person 451 981 645 1196
person 447 976 639 1195
person 466 950 573 1238
person 465 958 590 1225
person 459 933 572 1264
person 446 945 608 1249
person 442 917 573 1300
person 424 890 571 1343
person 412 902 562 1333
person 403 904 576 1322
person 398 922 587 1290
person 355 989 650 1167
person 355 957 636 1216
person 349 992 641 1175
person 322 997 665 1158
person 306 1000 678 1156
person 296 1006 687 1155
person 295 1000 676 1163
person 292 1001 678 1160
person 286 1015 683 1134
person 282 1014 689 1149
person 283 1011 688 1153
person 285 1011 686 1141
person 283 1013 690 1138
person 284 1012 683 1140
person 289 1006 672 1136
person 291 993 670 1150
person 285 997 684 1148
person 283 1002 692 1143
person 294 997 683 1151
person 293 999 698 1154
person 297 992 679 1158
person 304 986 674 1166
person 299 993 688 1158
person 303 985 687 1161
person 308 979 682 1176
person 311 969 673 1191
person 319 974 660 1178
person 328 966 660 1197
person 334 948 655 1229
person 334 953 659 1217
person 331 947 652 1225
person 341 942 638 1231
person 352 943 628 1227
person 356 957 623 1201
person 368 955 617 1205
person 373 943 609 1222
person 376 954 607 1207
person 371 955 614 1207
person 362 946 619 1222
person 403 883 572 1346
person 402 890 567 1333
person 409 905 570 1311
person 403 893 576 1334
person 402 907 579 1313
person 416 903 563 1322
person 415 912 568 1302
person 413 911 574 1304
person 416 912 585 1306
person 421 908 569 1305
person 427 904 569 1313
person 424 903 576 1317
person 420 905 581 1316
person 411 902 578 1324
person 425 911 591 1309
person 430 910 575 1313
person 430 923 597 1290
person 435 927 596 1288
person 435 912 585 1318
person 440 908 580 1322
person 443 895 576 1346
person 445 902 585 1332
person 440 898 574 1342
person 448 900 574 1338
person 449 905 565 1324
person 451 911 560 1314
person 454 914 560 1306
person 454 903 566 1324
person 452 907 567 1308
person 453 906 567 1307
person 452 903 564 1313
person 454 915 567 1292
person 462 914 562 1301
person 458 909 559 1303
person 460 892 548 1334
person 464 903 565 1318
person 465 905 567 1315
person 462 910 573 1316
person 458 915 582 1298
person 455 924 591 1284
person 455 931 596 1276
person 461 925 582 1285
person 456 925 596 1275
person 458 916 594 1293
person 459 927 593 1275
person 456 930 598 1271
person 463 918 590 1294
person 465 924 592 1284
person 472 919 584 1295
person 466 918 596 1287
person 464 924 601 1272
person 465 931 610 1266
person 466 919 606 1285
person 459 921 622 1278
person 460 912 611 1295
person 474 905 598 1307
person 467 905 613 1303
person 463 908 604 1300
person 461 905 614 1308
person 465 891 601 1337
person 465 892 611 1336
person 469 901 604 1317
person 468 915 606 1286
person 470 913 609 1289
person 463 922 613 1275
person 464 913 605 1290
person 464 918 604 1280
person 466 923 605 1270
person 469 919 592 1283
person 468 913 599 1295
person 471 900 595 1320
person 467 915 600 1292
person 473 914 594 1290
person 470 921 582 1278
person 467 919 580 1288
person 460 926 593 1279
person 469 923 577 1281
person 459 930 586 1268
person 465 929 587 1271
person 468 937 587 1249
person 471 937 579 1258
person 467 937 585 1257
person 467 945 583 1248
person 464 943 585 1250
person 468 937 576 1258
person 470 936 570 1262
person 467 939 579 1262
person 464 932 568 1274
person 458 921 584 1285
person 457 928 580 1276
person 463 936 570 1263
person 462 942 573 1254
person 461 925 569 1282
person 464 921 577 1281
person 460 912 581 1298
person 453 917 579 1297
person 454 915 579 1296
person 455 915 575 1292
person 457 909 561 1304
person 454 927 579 1274
person 453 920 575 1282
person 454 923 590 1271
person 459 925 588 1277
person 458 910 580 1299
person 456 920 573 1284
person 453 929 588 1267
person 451 927 585 1269
person 453 932 594 1272
person 458 924 583 1281
person 449 916 575 1296
person 456 904 552 1321
person 459 905 546 1314
person 454 908 560 1314
person 454 914 558 1305
person 450 910 554 1317
person 444 922 553 1293
person 434 929 552 1281
person 420 915 560 1299
person 419 908 567 1320
person 422 915 571 1304
person 415 910 584 1304
person 419 900 572 1326
person 426 897 576 1328
person 419 899 573 1324
person 418 909 584 1298
person 419 906 572 1302
person 408 902 575 1313
person 413 895 564 1326
person 406 906 564 1307
person 400 898 568 1319
person 400 901 571 1314
person 380 939 611 1233
person 378 938 611 1229
person 404 894 561 1320
person 407 895 563 1318
person 400 896 567 1316
person 404 893 566 1322
person 403 895 573 1322
person 396 880 565 1346
person 396 875 568 1354
person 394 870 563 1363
person 397 880 570 1344
person 396 886 569 1339
person 367 937 626 1234
person 362 950 633 1205
person 363 952 634 1205
person 386 893 594 1328
person 387 899 610 1322
person 391 901 616 1315
person 408 913 584 1292
person 411 933 620 1263
person 418 935 631 1262
person 433 910 621 1305
person 448 905 634 1312
person 456 909 630 1296
person 458 930 625 1264
person 462 936 624 1268
person 464 919 608 1279
person 473 910 623 1293
person 470 924 639 1258
person 461 943 659 1224
person 530 922 636 1290
person 526 963 629 1191
person 544 950 640 1212
person 587 978 651 1161
person 600 990 636 1142
person 608 979 644 1155
person 616 985 652 1138
person 608 991 667 1114
person 625 969 632 1046
person 621 964 652 1055
person 626 971 651 1041
person 632 964 643 1055
person 634 974 659 1151
person 632 974 652 1149
person 653 956 639 1201
person 651 951 637 1211
person 651 961 643 1192
person 656 957 637 1201
person 645 963 634 1059
person 654 956 607 1185
person 657 960 603 1179
person 635 964 636 1057
person 641 978 629 1143
person 641 983 638 1131
person 633 959 646 1062
person 622 961 650 1053
person 625 958 637 1056
person 630 966 646 1043
person 623 964 634 1054
person 621 959 637 1058
person 622 963 629 1050
person 620 968 627 1039
person 612 970 647 1032
person 623 977 618 1017
person 637 993 617 1120
person 636 997 623 1111
person 637 1000 606 1105
person 629 991 614 1122
person 621 959 590 1047
person 633 986 607 1131
person 633 1000 609 1108
person 631 979 607 1143
person 621 950 588 1071
person 620 958 593 1054
person 623 952 583 1067
person 623 959 580 1047
person 618 990 613 963
person 630 1013 601 1086
person 612 995 622 966
person 624 973 573 1025
person 620 996 611 952
person 622 995 610 964
person 626 986 604 1135
person 623 988 607 1132
person 622 995 612 964
person 627 978 562 1015
person 625 976 572 1012
person 621 990 623 960
person 628 972 562 1020
person 628 1007 600 1096
person 621 1004 615 1104
person 625 1001 621 949
person 622 997 630 958
person 610 999 637 955
person 626 1020 616 1076
person 626 1027 624 1063
person 628 1019 624 1077
person 632 1001 627 1111
person 640 991 613 1133
person 640 1002 614 1113
person 640 990 626 1128
person 638 1000 640 1102
person 642 980 630 1139
person 633 997 696 1140
person 670 963 661 1199
person 700 969 669 1184
person 719 963 646 1200
person 740 972 615 1179
person 739 979 617 1165
person 743 960 617 1200
person 743 963 629 1185
person 746 953 642 1202
person 780 918 595 1265
person 793 927 598 1250
person 789 942 608 1218
person 807 933 604 1227
person 844 913 602 1279
person 847 923 583 1248
person 854 931 583 1233
person 855 944 584 1207
person 855 950 605 1207
person 863 949 595 1200
person 861 945 596 1222
person 891 949 621 1221
person 893 953 619 1217
person 898 942 616 1232
person 899 942 624 1234
person 912 938 604 1237
person 908 940 607 1233
person 907 934 610 1244
person 901 932 617 1247
person 899 926 618 1252
person 895 943 614 1228
person 902 950 603 1216
person 901 959 605 1194
person 857 942 586 1216
person 855 936 580 1224
person 838 907 591 1279
person 841 912 594 1270
person 836 915 576 1265
person 806 915 596 1269
person 795 904 578 1289
person 771 913 597 1273
person 764 909 587 1290
person 761 931 576 1253
person 760 942 573 1237
person 747 924 573 1277
person 728 933 599 1261
person 674 932 623 1254
person 664 948 615 1198
person 644 971 617 1156
person 623 984 634 1136
person 614 998 637 1119
person 611 1002 634 1114
person 608 1010 630 1113
person 606 1003 624 1118
person 606 1013 617 1087
person 603 999 623 1119
person 607 1005 605 1104
person 608 978 606 1149
person 609 971 609 1162
person 601 950 630 1202
person 596 967 642 1175
person 595 972 652 1163
person 598 969 653 1169
person 602 981 637 1144
person 601 977 635 1149
person 613 974 628 1152
person 621 974 614 1147
person 620 980 621 1148
person 619 979 629 1149
person 629 980 606 1151
person 621 977 610 1160
person 640 981 595 1157
person 638 972 593 1166
person 642 960 590 1186
person 651 966 587 1188
person 653 950 589 1212
person 652 960 586 1186
person 663 960 588 1186
person 670 953 591 1191
person 673 951 585 1196
person 672 950 595 1196
person 688 959 591 1191
person 710 937 568 1235
person 700 956 599 1204
person 719 938 557 1233
person 717 948 568 1216
person 720 932 564 1238
person 708 959 603 1193
person 712 973 614 1168
person 712 976 627 1162
person 715 977 629 1162
person 716 978 612 1156
person 712 970 615 1173
person 712 971 620 1173
person 696 969 643 1178
person 683 962 639 1187
person 668 975 668 1168
person 672 973 654 1170
person 686 948 635 1216
person 665 966 642 1188
person 639 960 637 1175
person 642 956 621 1185
person 650 952 602 1193
person 657 972 602 1161
person 656 978 606 1153
person 660 978 607 1151
person 664 976 614 1156
person 644 954 704 1215
person 667 947 694 1226
person 694 949 670 1221
person 728 936 626 1249
person 746 938 616 1254
person 744 932 660 1247
person 761 917 661 1265
person 800 918 626 1273
person 804 939 628 1227
person 840 955 578 1191
person 849 979 601 1149
person 907 978 636 1176
person 916 962 607 1199
person 925 952 601 1216
person 926 945 619 1225
person 975 939 561 1255
person 986 938 538 1249
person 992 948 543 1231
person 1018 950 521 1236
person 1032 937 525 1254
person 1041 940 550 1253
person 1048 926 553 1272
person 1055 942 573 1247
person 1053 939 573 1244
person 1058 926 588 1262
person 1046 933 620 1242
person 1068 935 626 1241
person 1106 936 588 1228
person 1097 949 597 1210
person 1124 960 574 1188
person 1136 975 575 1162
person 1140 962 580 1181
person 1163 957 581 1230
person 1193 941 611 1234
person 1197 912 615 1280
person 1215 889 602 1332
person 1235 878 579 1354
person 1293 902 495 1306
person 1313 901 487 1320
person 1322 924 508 1276
person 1325 921 522 1274
person 1335 930 519 1257
person 1355 944 520 1233
person 1368 945 527 1230
person 1366 951 542 1214
person 1381 956 516 1205
person 1374 955 532 1210
person 1372 958 534 1199
person 1374 906 551 1159
person 1371 923 547 1123
person 1367 924 537 1114
person 1377 954 512 1207
person 1372 953 521 1207
person 1372 934 509 1242
person 1371 929 488 1251
person 1373 910 463 1289
person 1363 901 464 1305
person 1359 889 456 1330
person 1353 879 449 1360
person 1346 886 445 1349
person 1334 884 456 1357
person 1321 892 471 1341
person 1322 888 457 1347
person 1313 880 459 1362
person 1312 879 463 1362
person 1313 892 472 1341
person 1306 895 476 1337
person 1303 890 478 1341
person 1301 880 479 1358
person 1304 875 477 1368
person 1300 888 492 1346
person 1304 894 492 1335
person 1306 897 494 1328
person 1312 900 501 1326
person 1324 905 500 1314
person 1326 905 501 1312
person 1332 896 500 1332
person 1342 915 499 1283
person 1343 917 500 1277
person 1355 921 486 1274
person 1342 910 491 1296
person 1346 904 483 1303
person 1339 917 497 1275
person 1352 903 473 1298
person 1352 921 494 1263
person 1350 934 499 1244
person 1359 933 503 1242
person 1356 933 505 1246
person 1361 928 506 1252
person 1366 934 513 1242
person 1370 941 523 1225
person 1367 940 538 1232
person 1365 949 552 1218
person 1367 953 545 1208
person 1371 954 553 1209
person 1418 955 531 1216
person 1424 952 531 1228
person 1423 948 548 1230
person 1431 966 562 1194
person 1448 979 542 1179
person 1454 964 543 1204
person 1445 977 554 1175
person 1456 958 539 1207
person 1455 947 537 1219
person 1445 901 554 1327
person 1435 878 568 1379
person 1437 879 568 1379
person 1436 876 573 1378
person 1439 873 576 1383
person 1443 891 567 1341
person 1440 890 572 1346
person 1443 890 571 1344
person 1440 889 571 1347
person 1439 865 572 1391
person 1442 876 571 1375
person 1456 952 551 1205
person 1441 857 565 1411
person 1451 953 552 1206
person 1437 861 568 1405
person 1458 943 545 1224
person 1443 874 559 1385
person 1422 867 559 1392
person 1413 869 567 1390
person 1402 888 544 1344
person 1429 941 512 1233
person 1425 944 518 1226
person 1404 917 542 1280
person 1396 954 527 1216
person 1378 967 528 1186
person 1369 964 534 1195
person 1367 955 545 1203
person 1360 948 559 1214
person 1362 943 556 1218
person 1358 936 553 1232
person 1355 963 570 1184
person 1348 949 564 1207
person 1362 939 542 1229
person 1369 934 535 1240
person 1361 944 557 1223
person 1361 953 543 1210
person 1361 954 545 1208
person 1362 943 546 1225
person 1361 928 536 1249
person 1358 930 535 1244
person 1360 921 535 1264
person 1360 920 529 1268
person 1357 921 532 1268
person 1356 929 553 1253
person 1353 940 562 1231
person 1347 938 557 1235
person 1341 932 560 1246
person 1345 942 551 1231
person 1345 947 555 1224
person 1348 949 554 1218
person 1345 960 548 1199
person 1348 960 552 1200
person 1348 958 552 1204
person 1346 954 556 1215
person 1346 952 554 1218
person 1354 947 546 1227
person 1349 943 536 1235
person 1352 938 540 1238
person 1352 940 544 1231
person 1353 932 536 1245
person 1354 954 535 1203
person 1360 955 523 1203
person 1353 949 520 1218
person 1358 945 512 1226
person 1359 947 512 1220
person 1360 939 500 1233
person 1372 932 501 1247
person 1366 935 504 1238
person 1369 920 498 1266
person 1370 921 491 1269
person 1364 907 483 1298
person 1366 910 490 1292
person 1365 913 499 1287
person 1365 914 503 1287
person 1366 911 505 1292
person 1364 921 502 1274
person 1363 915 506 1279
person 1359 924 490 1263
person 1366 927 498 1256
person 1362 934 504 1239
person 1364 935 497 1237
person 1366 946 519 1218
person 1361 944 529 1220
person 1362 941 521 1228
person 1362 931 520 1248
person 1353 942 544 1224
person 1363 934 532 1242
person 1358 939 539 1231
person 1356 941 543 1232
person 1360 939 536 1233
person 1363 940 545 1230
person 1366 941 535 1226
person 1371 930 528 1250
person 1368 933 532 1246
person 1362 929 541 1249
person 1360 942 543 1227
person 1360 944 529 1222
person 1359 941 522 1227
person 1366 933 506 1243
person 1358 931 513 1245
person 1361 937 520 1234
person 1360 932 523 1241
person 1361 931 529 1240
person 1352 940 555 1224
person 1359 946 548 1212
person 1362 943 545 1217
person 1365 936 522 1238
person 1360 945 522 1219
person 1354 932 519 1243
person 1352 934 522 1239
person 1349 938 532 1230
person 1360 947 547 1216
person 1364 953 550 1205
person 1354 963 552 1182
person 1356 967 556 1174
person 1359 955 543 1197
person 1359 950 542 1207
person 1364 955 540 1200
person 1365 944 530 1221
person 1361 947 530 1217
person 1364 947 532 1215
person 1359 952 553 1204
person 1358 949 560 1210
person 1359 962 560 1187
person 1357 954 556 1205
person 1357 950 565 1208
person 1359 941 551 1226
person 1356 952 561 1203
person 1354 936 564 1234
person 1353 935 552 1239
person 1363 939 539 1228
person 1355 944 557 1222
person 1357 944 565 1219
person 1359 944 573 1217
person 1356 955 574 1196
person 1362 942 563 1220
person 1368 947 551 1208
person 1369 944 552 1218
person 1363 961 560 1185
person 1359 964 565 1178
person 1358 957 561 1196
person 1355 959 570 1194
person 1355 959 581 1193
person 1357 968 585 1179
person 1366 957 569 1196
person 1366 950 555 1208
person 1362 947 569 1212
person 1360 951 571 1207
person 1361 957 566 1194
person 1363 946 548 1217
person 1367 952 550 1208
person 1378 939 538 1233
person 1390 939 539 1229
person 1405 937 527 1236
person 1420 935 520 1244
person 1425 945 523 1222
person 1391 915 543 1295
person 1418 956 522 1204
person 1422 935 523 1245
person 1410 931 537 1250
person 1405 936 548 1241
person 1400 934 556 1241
person 1408 928 546 1252
person 1420 933 533 1245
person 1401 874 553 1359
person 1411 869 545 1373
person 1413 873 534 1371
person 1411 873 531 1369
person 1436 940 522 1234
person 1439 932 531 1248
person 1421 867 547 1386
person 1423 867 544 1383
person 1426 867 545 1376
person 1424 873 538 1369
person 1423 873 537 1369
person 1419 864 544 1386
person 1408 865 543 1377
person 1414 871 534 1365
person 1409 862 548 1381
person 1420 859 548 1392
person 1420 863 554 1383
person 1420 867 559 1381
person 1422 855 555 1403
person 1419 852 547 1411
person 1426 856 532 1402
person 1426 864 524 1389
person 1429 855 515 1411
person 1429 867 515 1391
person 1469 931 475 1258
person 1412 886 524 1356
person 1407 883 533 1365
person 1406 871 530 1381
person 1435 935 499 1244
person 1410 941 506 1242
person 1395 897 531 1326
person 1382 951 511 1218
person 1382 938 518 1246
person 1382 949 520 1226
person 1383 953 519 1215
person 1392 955 511 1212
person 1392 954 508 1213
person 1394 945 513 1228
person 1404 934 503 1243
person 1406 926 496 1261
person 1411 926 498 1263
person 1400 936 518 1246
person 1404 930 512 1256
person 1406 930 507 1256
person 1400 935 510 1251
person 1404 949 514 1226
person 1400 869 530 1381
person 1408 865 535 1390
person 1412 863 522 1393
person 1411 886 517 1347
person 1412 888 503 1348
person 1415 897 499 1336
person 1415 885 508 1354
person 1409 900 500 1326
person 1395 932 499 1262
person 1394 925 502 1258
person 1386 932 504 1251
person 1387 925 494 1264
person 1378 914 473 1282
person 1369 914 461 1287
person 1352 901 464 1316
person 1354 868 437 1385
person 1328 861 499 1409
person 1297 847 516 1430
person 1289 860 524 1413
person 1267 876 544 1395
person 1253 902 536 1327
person 1248 941 518 1267
person 1249 970 501 1228
person 1245 996 506 1154
person 1194 953 491 1240
person 1149 943 516 1222
person 1159 948 485 1222
person 1145 950 483 1232
person 1139 960 479 1213
person 1142 944 470 1250
person 1114 948 471 1245
person 1091 959 477 1235
person 1069 943 455 1254
person 1045 949 474 1233
person 1034 944 474 1236
person 1017 965 469 1202
person 1016 970 446 1195
person 1018 1030 464 1114
person 1000 991 480 1163
person 984 980 485 1168
person 976 998 479 1128
person 876 969 536 1179
person 875 956 535 1213
person 869 957 532 1213
person 888 979 479 1005
person 883 968 478 1031
person 853 959 500 1055
person 825 955 521 1041
person 795 946 518 1072
person 781 953 519 1065
person 774 953 522 1057
person 742 949 569 1077
person 766 934 542 1241
person 747 942 566 1232
person 723 957 575 1212
person 656 949 599 1206
person 628 975 598 1185
person 576 958 580 1206
person 527 938 611 1263
person 522 906 618 1313
person 467 943 632 1215
person 475 932 611 1238
person 464 927 619 1257
person 462 944 611 1235
person 464 931 590 1244
person 469 942 584 1223
person 475 937 571 1239
person 475 947 561 1215
person 474 955 576 1202
person 478 957 571 1201
person 478 956 575 1210
person 487 940 560 1230
person 486 945 558 1219
person 489 946 548 1222
person 477 933 533 1247
person 480 930 519 1254
person 464 933 514 1253
person 452 911 533 1292
person 460 906 524 1296
person 458 890 511 1322
person 456 891 491 1328
person 447 882 495 1342
person 420 924 519 1271
person 418 927 510 1270
person 387 935 531 1247
person 383 916 556 1273
person 366 952 593 1208
person 355 987 560 1150
person 351 993 568 1141
person 348 985 569 1156
person 339 990 579 1154
person 266 993 569 1137
person 347 954 589 1226
person 351 954 576 1231
person 274 993 557 1145
person 335 996 588 1156
person 266 1003 569 1127
person 330 991 600 1164
person 328 991 602 1156
person 328 986 601 1164
person 327 984 608 1167
person 329 981 603 1176
person 331 981 606 1169
person 330 974 611 1184
person 335 956 612 1221
person 331 986 601 1154
person 337 981 594 1176
person 335 957 610 1212
person 324 959 623 1214
person 322 966 632 1202
person 319 962 626 1206
person 312 971 641 1185
person 318 984 646 1150
person 325 958 635 1211
person 343 958 618 1222
person 362 938 612 1264
person 394 940 629 1249
person 416 935 630 1261
person 423 923 599 1283
person 438 934 587 1265
person 438 928 596 1272
person 446 942 620 1251
person 462 933 597 1265
person 467 942 606 1247
person 465 917 617 1274
person 439 950 699 1220
person 445 915 697 1278
person 442 914 691 1283
person 442 930 697 1254
person 440 950 702 1209
person 457 962 640 1190
person 448 969 638 1183
person 446 981 644 1165
person 452 978 626 1164
person 456 966 627 1186
person 456 957 628 1204
person 449 956 644 1197
person 441 972 664 1173
person 439 997 674 1129
person 445 996 672 1143
person 435 987 703 1151
person 438 995 697 1149
person 450 991 682 1164
person 450 995 700 1166
person 454 1007 695 1155
person 460 1000 690 1163
person 472 991 685 1157
person 456 1002 700 1120
person 469 970 704 1188
person 459 998 718 1119
person 469 972 704 1176
person 475 965 692 1192
person 470 976 692 1171
person 475 968 693 1191
person 474 959 694 1199
person 484 982 664 1147
person 467 960 686 1202
person 466 944 691 1224
person 463 955 700 1210
person 463 946 690 1224
person 466 944 674 1222
person 468 937 693 1236
person 469 951 690 1210
person 470 955 692 1198
person 461 952 704 1201
person 461 955 704 1197
person 464 957 700 1192
person 448 977 693 1155
person 459 952 707 1201
person 459 951 698 1203
person 458 949 682 1213
person 454 952 684 1212
person 457 960 664 1188
person 462 956 647 1192
person 459 954 645 1197
person 459 960 651 1187
person 459 969 645 1166
person 459 966 645 1173
person 458 974 648 1159
person 467 965 641 1176
person 461 977 656 1161
person 464 997 646 1123
person 466 993 646 1130
person 461 987 685 1154
person 472 987 707 1147
person 468 986 714 1150
person 476 988 709 1144
person 481 994 698 1139
person 484 981 694 1171
person 480 993 702 1142
person 478 997 698 1132
person 480 993 691 1139
person 475 990 688 1144
person 473 987 702 1144
person 486 982 680 1158
person 483 980 689 1160
person 478 987 689 1152
person 478 981 698 1159
person 467 973 703 1171
person 472 982 695 1160
person 474 976 703 1167
person 474 978 701 1164
person 463 978 707 1162
person 472 989 703 1145
person 476 986 684 1157
person 475 991 672 1153
person 464 988 675 1159
person 456 990 693 1148
person 466 1006 681 1130
person 461 1011 701 1115
person 467 1010 694 1125
person 470 1005 684 1140
person 473 1004 683 1139
person 467 1007 700 1137
person 469 1002 706 1146
person 472 1006 698 1134
person 476 1009 698 1135
person 480 1005 694 1145
person 469 1002 705 1156
person 475 1000 689 1141
person 488 994 678 1160
person 489 987 678 1165
person 487 983 690 1170
person 491 992 693 1154
person 499 987 684 1168
person 501 985 679 1177
person 494 978 683 1181
person 499 980 674 1189
person 498 1002 681 1142
person 554 958 740 1235
person 499 1003 680 1138
person 495 1002 689 1141
person 501 996 678 1159
person 493 988 681 1177
person 498 995 676 1155
person 507 999 668 1149
person 505 1001 677 1154
person 496 1015 691 1123
person 496 1009 687 1130
person 499 998 681 1141
person 502 1006 682 1131
person 507 1002 682 1136
person 499 998 692 1138
person 496 996 693 1147
person 498 1001 694 1142
person 559 974 728 1214
person 496 1012 695 1129
person 497 1008 695 1134
person 498 998 687 1140
person 498 999 688 1133
person 502 995 684 1139
person 505 994 683 1143
person 501 994 688 1144
person 497 996 690 1141
person 513 998 671 1143
person 513 1002 669 1138
person 565 958 711 1235
person 562 958 719 1244
person 508 995 677 1159
person 510 985 676 1184
person 563 950 716 1257
person 564 949 713 1260
person 564 937 716 1283
person 567 941 712 1276
person 566 945 712 1271
person 573 932 697 1295
person 509 991 677 1163
person 513 994 669 1160
person 509 993 672 1161
person 507 989 679 1174
person 503 998 681 1157
person 503 988 683 1173
person 505 988 678 1167
person 507 989 675 1166
person 510 991 671 1166
person 506 990 676 1162
person 504 996 682 1155
person 505 995 679 1153
person 503 992 681 1165
person 561 926 722 1296
person 560 942 731 1267
person 559 943 730 1265
person 565 947 717 1257
person 563 947 721 1258
person 561 940 733 1270
person 559 939 733 1269
person 559 944 735 1260
person 563 942 725 1270
person 566 946 717 1257
person 501 1002 686 1149
person 511 999 670 1155
person 513 998 667 1156
person 573 946 694 1263
person 515 998 666 1162
person 514 1000 667 1157
person 511 991 668 1174
person 505 999 671 1152
person 505 995 670 1157
person 509 999 668 1152
person 510 1003 671 1149
person 507 995 673 1157
person 508 985 667 1170
person 500 981 670 1176
person 504 968 662 1198
person 512 978 665 1182
person 504 976 668 1185
person 500 960 676 1213
person 497 965 678 1199
person 492 968 687 1198
person 493 978 688 1184
person 493 978 691 1180
person 502 991 683 1157
person 566 948 719 1253
person 565 952 722 1253
person 561 967 733 1228
person 562 965 729 1227
person 560 957 731 1241
person 497 1008 694 1116
person 501 994 688 1143
person 497 996 693 1143
person 556 959 734 1234
person 563 956 721 1246
person 501 1006 692 1126
person 567 957 715 1241
person 561 959 732 1241
person 566 956 725 1252
person 562 956 732 1239
person 565 956 726 1243
person 567 946 721 1267
person 558 946 741 1264
person 559 949 734 1257
person 563 949 731 1259
person 560 945 732 1268
person 556 957 748 1244
person 562 954 734 1244
person 567 942 734 1279
person 569 945 723 1269
person 568 947 730 1263
person 563 947 736 1261
person 568 951 728 1255
person 563 965 735 1232
person 563 957 740 1247
person 564 960 737 1238
person 558 963 741 1231
person 561 955 736 1250
person 561 958 739 1250
person 564 963 737 1247
person 562 966 739 1239
person 561 964 746 1246
person 565 960 743 1258
person 571 979 727 1224
person 563 981 739 1216
person 566 972 733 1229
person 569 969 725 1234
person 568 966 726 1246
person 574 971 717 1234
person 567 975 719 1229
person 567 979 726 1217
person 569 967 730 1231
person 565 971 725 1232
person 565 975 719 1227
person 572 963 699 1249
person 530 1014 643 1168
person 531 1005 641 1181
person 538 1002 632 1188
person 530 979 634 1230
person 531 990 638 1203
person 532 991 635 1205
person 533 978 631 1229
person 536 984 625 1221
person 533 984 630 1215
person 526 994 645 1192
person 524 988 643 1201
person 521 994 647 1193
person 516 988 655 1212
person 513 982 662 1220
person 512 991 669 1208
person 519 993 659 1199
person 518 1002 665 1183
person 570 972 696 1232
person 568 966 704 1248
person 521 1003 662 1176
person 520 1005 662 1175
person 516 990 668 1196
person 517 986 662 1208
person 519 986 657 1205
person 520 993 658 1197
person 521 980 655 1218
person 521 991 654 1205
person 518 989 659 1218
person 518 992 654 1214
person 520 998 649 1205
person 519 991 656 1211
person 516 984 664 1222
person 524 978 648 1222
person 522 972 655 1230
person 526 972 650 1228
person 526 981 647 1224
person 524 992 655 1212
person 523 987 655 1219
person 525 1000 655 1194
person 527 989 653 1208
person 523 990 654 1203
person 522 998 656 1191
person 522 995 651 1191
person 526 993 645 1201
person 531 995 635 1193
person 527 991 640 1196
person 532 1001 637 1182
person 527 999 642 1179
person 529 1004 644 1176
person 529 1004 645 1178
person 530 1006 644 1180
person 529 1013 646 1173
person 527 1017 647 1167
person 521 1015 654 1163
person 519 1011 655 1157
person 512 1004 669 1169
person 520 997 657 1187
person 519 999 655 1185
person 515 993 661 1192
person 517 1000 661 1187
person 507 1016 677 1165
person 510 1022 672 1146
person 520 1016 657 1160
person 513 1025 668 1145
person 508 1018 676 1162
person 510 1014 669 1162
person 514 1006 664 1175
person 515 1026 669 1153
person 512 1025 675 1154
person 512 1020 671 1154
person 513 1023 672 1147
person 514 1019 672 1152
person 515 1030 668 1136
person 514 1024 671 1147
person 509 1020 676 1150
person 507 1029 675 1139
person 510 1030 672 1139
person 509 1020 677 1153
person 519 1019 661 1160
person 512 1025 671 1146
person 516 1026 667 1143
person 519 1021 661 1154
person 518 1027 665 1140
person 516 1023 670 1156
person 511 1027 674 1149
person 510 1032 677 1140
person 514 1035 670 1127
person 507 1026 682 1149
person 507 1029 679 1139
person 508 1040 680 1118
person 508 1038 685 1127
person 512 1042 677 1127
person 519 1044 666 1122
person 516 1053 669 1101
person 520 1049 664 1106
person 573 1006 689 1185
person 572 999 691 1199
person 570 1000 696 1198
person 569 1011 694 1180
person 576 1008 681 1184
person 578 1009 681 1179
person 578 1005 684 1178
person 579 1012 682 1175
person 582 1009 679 1175
person 582 1001 678 1193
person 583 997 678 1196
person 585 994 670 1201
person 585 1007 668 1178
person 532 1052 639 1099
person 582 1001 673 1183
person 538 1055 630 1086
person 582 1008 673 1164
person 534 1052 634 1094
person 536 1045 631 1112
person 585 1000 672 1190
person 582 1000 677 1187
person 583 993 674 1199
person 579 1000 679 1185
person 579 1008 684 1176
person 579 1010 682 1176
person 580 995 685 1204
person 580 1004 680 1194
person 580 1007 674 1187
person 533 1065 638 1078
person 579 1004 673 1194
person 523 1048 651 1107
person 527 1046 651 1108
person 521 1039 659 1124
person 510 1040 679 1124
person 565 991 709 1213
person 514 1043 672 1125
person 511 1041 678 1126
person 505 1040 684 1124
person 511 1028 672 1139
person 516 1029 671 1144
person 511 1033 676 1134
person 513 1030 673 1137
person 517 1017 664 1163
person 517 1018 665 1158
person 519 1017 662 1159
person 523 1017 654 1156
person 571 988 698 1214
person 566 981 706 1224
person 566 976 704 1234
person 564 959 708 1250
person 565 964 707 1237
person 570 965 699 1249
person 570 969 699 1241
person 521 1017 658 1163
person 521 1012 659 1173
person 575 964 686 1252
person 517 1003 667 1180
person 510 1006 674 1174
person 514 1014 673 1159
person 520 1004 667 1180
person 523 986 660 1213
person 515 994 662 1203
person 516 988 665 1213
person 519 982 665 1228
person 506 987 676 1205
person 507 982 677 1206
person 511 982 670 1205
person 513 977 663 1203
person 509 976 669 1200
person 513 970 666 1209
person 515 976 661 1191
person 582 934 683 1276
person 582 937 684 1266
person 508 984 670 1178
person 510 984 665 1169
person 506 993 672 1161
person 505 1002 672 1149
person 577 939 693 1269
person 575 947 705 1253
person 580 946 692 1255
person 581 950 696 1254
person 579 942 696 1255
person 514 988 656 1178
person 581 950 689 1260
person 578 952 690 1255
person 576 950 705 1254
person 580 949 691 1253
person 500 993 674 1177
person 499 1004 685 1161
person 574 937 704 1278
person 575 938 707 1273
person 570 944 714 1264
person 569 953 716 1246
person 509 979 665 1195
person 505 978 671 1196
person 564 934 722 1283
person 564 933 719 1271
person 512 976 661 1195
person 510 983 661 1180
person 511 981 656 1182
person 520 986 649 1177
person 515 968 648 1210
person 521 971 643 1202
person 515 985 654 1165
person 513 981 662 1169
person 507 975 662 1187
person 519 979 653 1188
person 573 937 699 1271
person 518 983 652 1181
person 520 983 641 1173
person 515 978 652 1183
person 513 968 654 1199
person 509 981 661 1183
person 503 969 666 1205
person 509 971 656 1194
person 505 973 662 1191
person 515 976 652 1185
person 517 977 654 1183
person 507 966 666 1194
person 511 964 658 1198
person 502 970 673 1190
person 505 978 666 1189
person 505 966 663 1201
person 492 970 676 1193
person 478 949 693 1236
person 484 935 692 1274
person 486 939 671 1274
person 495 951 656 1240
person 488 950 667 1231
person 482 930 693 1260
person 476 936 679 1254
person 468 941 694 1236
person 460 942 692 1238
person 449 955 702 1218
person 460 949 640 1228
person 454 974 651 1175
person 463 971 655 1164
person 463 969 649 1174
person 459 966 666 1182
person 457 976 660 1164
person 451 971 671 1178
person 455 966 660 1188
person 462 953 659 1208
person 457 973 655 1166
person 458 980 646 1161
person 457 988 664 1142
person 451 973 691 1176
person 459 955 693 1198
person 449 982 733 1158
person 490 958 691 1191
person 508 946 670 1223
person 499 968 670 1177
person 526 984 650 1157
person 586 983 695 1154
person 610 986 677 1162
person 617 971 667 1201
person 612 963 686 1208
person 630 977 658 1179
person 637 997 656 1144
person 637 1007 642 1124
person 643 987 645 1152
person 650 965 654 1189
person 657 959 653 1204
person 661 962 667 1191
person 669 983 655 1147
person 666 966 651 1178
person 667 967 664 1179
person 677 991 660 1140
person 677 965 656 1191
person 682 978 660 1160
person 676 984 668 1151
person 684 965 655 1187
person 685 969 658 1182
person 697 963 659 1189
person 699 953 660 1206
person 699 954 662 1205
person 700 954 659 1204
person 705 951 655 1207
person 699 945 657 1222
person 697 957 661 1199
person 698 959 660 1191
person 697 954 645 1202
person 701 954 656 1204
person 695 956 669 1193
person 693 940 664 1226
person 693 942 666 1228
person 692 939 666 1232
person 690 935 670 1239
person 688 942 665 1229
person 683 943 672 1229
person 680 947 671 1222
person 681 955 663 1203
person 674 959 660 1197
person 678 952 657 1209
person 686 954 652 1204
person 673 959 658 1193
person 686 958 651 1200
person 681 962 672 1185
person 679 949 669 1208
person 673 962 658 1186
person 678 964 652 1186
person 684 967 642 1177
person 679 966 674 1178
person 684 964 658 1182
person 680 956 662 1195
person 680 961 645 1185
person 686 954 644 1198
person 684 966 668 1177
person 681 964 675 1186
person 687 956 665 1200
person 678 966 677 1183
person 672 961 679 1191
person 668 969 691 1171
person 674 963 672 1182
person 677 953 674 1200
person 677 950 672 1210
person 681 947 674 1216
person 701 940 661 1227
person 699 949 656 1211
person 699 956 657 1200
person 698 950 664 1206
person 707 954 661 1200
person 707 946 657 1214
person 696 959 673 1201
person 700 957 662 1202
person 695 974 676 1164
person 696 974 667 1160
person 702 962 668 1187
person 707 956 666 1196
person 712 963 668 1176
person 715 962 667 1177
person 718 954 654 1195
person 719 975 657 1156
person 719 968 656 1173
person 715 970 658 1167
person 714 985 666 1137
person 710 983 669 1143
person 713 979 669 1150
person 714 968 663 1169
person 714 968 673 1168
person 719 965 664 1174
person 710 976 674 1150
person 706 972 681 1159
person 697 975 675 1027
person 712 965 668 1170
person 712 960 666 1178
person 721 957 652 1184
person 704 975 661 1163
person 705 963 657 1189
person 698 957 653 1201
person 688 966 677 1177
person 697 970 674 1173
person 698 951 661 1208
person 695 958 675 1196
person 709 963 663 1180
