1350.5 1080.0
1350.550822493336 1080.0645364994743
1350.7017013276668 1080.1571727041924
1350.943392711335 1080.1574004362906
1351.2792771509307 1079.9640998925652
1351.7138391178185 1079.7826594561411
1352.2888866203527 1079.8558467086766
1353.06169932292 1080.291332114997
1354.042906531702 1081.1375884477059
1355.1344320763005 1082.2500037226712
1356.1506836694186 1083.4687703249856
1357.1520356985463 1084.5860163878044
1358.2073403261068 1085.5228427645236
1359.1912149958284 1086.461271107703
1360.07138207785 1087.565070446129
1360.8276080130909 1088.7604684219043
1361.5481963950658 1090.026628078729
1362.371827852877 1091.4910293971736
1363.3682055366583 1093.3968477472843
1364.4911111898493 1095.6164299333743
1365.7922619480769 1098.1322206098212
1367.3925165715766 1100.9942963574044
1369.5838741174684 1103.6258456501635
1372.1713656837874 1106.1977641125345
1374.730160687053 1108.9986092638405
1377.2660442121653 1111.822383291744
1379.7288134970197 1114.6898036823313
1382.0464099367293 1117.496121869137
1384.4806236004126 1118.9511070721653
1387.248015745032 1118.414716011424
1389.9692746653134 1117.455868821534
1392.3555203271808 1117.0639768215035
1394.5088624643045 1117.0537850283538
1396.509122178272 1117.259255009961
1398.597373650796 1116.5990278570828
1400.924367629727 1114.4767075901746
1403.4422141398168 1111.3073188950273
1406.112132456019 1107.5309706615537
1408.8681891044994 1103.693289398038
1411.6469665569198 1099.6921855308321
1414.3372637915634 1095.217291714947
1416.901318805463 1090.2861899191184
1419.315796275415 1085.1494625660291
1421.5652693876561 1080.1756227791052
1423.678137775471 1075.6141377451215
1425.6731469488839 1071.6399283698604
1427.5717408211017 1068.235508990149
1429.408541002769 1065.5164462663117
1431.1806385453958 1063.6344494513503
1432.8565781553257 1062.3592974130377
1434.4035291678929 1061.4816198385029
1435.7907242106528 1061.0400133948606
1437.777791284952 1061.1362083207794
1440.1162062149174 1061.5751295736611
1442.7726156454169 1062.0696844694098
1445.5518347985112 1062.2360428762547
1447.6133386238535 1061.7300472506176
1449.8708279663522 1061.1178768839627
1452.163024562965 1060.5877612525637
1453.7269507110072 1059.7123155822699
1454.7438655982533 1058.8712785298014
1456.114458273728 1058.680111362361
1458.432543549602 1059.2183992102161
1461.4162514208324 1060.3127054764
1463.828673978204 1062.804970005598
1464.7818503928308 1066.6413886372616
1464.5108411154292 1070.8918943792721
1463.2331744905973 1075.4391009929295
1461.107586497521 1080.1369500174592
1458.1830079166348 1084.598346244225
1454.609188245316 1088.7800651644263
1450.5129363662545 1092.4474959616882
1445.9366525177384 1095.3147408761747
1440.9930614289121 1097.6009003987012
1435.7858758032758 1099.2704049252277
1430.341673812479 1100.1582626047773
1424.692534432934 1100.351689636443
1418.7848271202201 1099.9451699151723
1412.4970528984409 1098.925212445436
1405.8609994206158 1097.3074061447564
1398.9967033712314 1095.077390458384
1391.8212896642267 1092.3440226306582
1384.2256966408222 1089.3940437745475
1376.3187747361708 1086.5134605547566
1368.3164406993658 1083.442978664577
1360.3511336472022 1080.0959810173888
1352.4390305711122 1076.70070978465
1344.4047653996113 1073.5553915062997
1336.1361185602213 1070.770542837183
1327.6966290352154 1068.4342891843935
1319.1381368695006 1066.7151376988952
1310.5158826478378 1065.70120442811
1301.0759505654817 1065.993849829787
1290.348481474952 1067.5513772789247
1278.4736833723548 1069.7112774240697
1265.6036331996697 1072.048519571805
1252.1498547333106 1074.5241991665655
1238.129613460133 1077.279189619021
1223.63409897481 1080.0047526607996
1209.0431963774845 1082.4332643887208
1194.6421726054684 1084.8640750410707
1180.3159411610177 1087.0440758046377
1165.6134817746015 1089.154694761125
1150.1507104694288 1091.7094881608225
1133.3505158385165 1094.1569410814272
1115.0690209783806 1096.0213999733255
1095.531193037669 1097.377197064816
1074.7770040271525 1098.653008783913
1053.1879742868766 1100.0822670588318
1031.3263466016429 1101.5152841698944
1009.5116936152735 1102.5241275468027
988.1443880625128 1102.9937332588272
967.4774236130171 1102.83478271432
947.6686860991166 1102.0772234678907
928.7251068510943 1100.6840672384496
910.3825307176992 1098.1746751953092
892.4904653025937 1094.7396152644571
875.1197991621228 1090.8769627067131
858.4913157222903 1087.044261916051
842.6399766729313 1084.3979242489354
827.4989167058432 1083.0630124248466
813.0909032899855 1082.7772500476178
799.3234030669713 1083.7449002692051
786.0564582952935 1085.7008073333104
773.280468677472 1088.4454888358594
761.0085072133596 1091.6979793566363
749.2793912283414 1095.18928317761
738.1398451419682 1098.9706636502647
727.623424158433 1103.0356011387644
717.784137639098 1107.1671610493568
708.6678710121525 1111.2209890466233
700.2861548136746 1115.1557655467566
692.5926019283597 1118.9293738845586
685.5348161739828 1122.414155270533
679.0988341808704 1125.3732493535465
673.2767207138141 1127.7813773199598
668.0606191769717 1129.849323553335
663.4929417254466 1131.6205750903398
659.6376629471832 1133.103411023133
656.3901976249688 1134.2780628314208
653.6481123689766 1135.0416763644598
651.4028544159146 1135.5083022321232
649.6280384043587 1135.7298352207695
648.2987115243395 1135.5949338577614
647.3313448765512 1135.0028815577516
646.6491992282057 1134.036035077596
646.306545568314 1132.7748024840694
646.352128746088 1130.9987703919567
646.7381395931113 1128.7357745129175
647.3106573060272 1126.1509824171414
647.9717384442949 1123.2521607964986
648.7820415265002 1120.141256695991
649.7630919544202 1117.136831414459
650.9642055828498 1114.417645760881
652.4048969943485 1111.7860576077726
654.021319141767 1109.2733097126547
655.7342401585465 1107.0467421547332
657.390735773087 1104.9724756770017
659.099436087687 1102.1328019408438
660.9532285184907 1098.1325113853575
662.9312102773588 1093.6539977849784
665.0117487397118 1088.951038420421
667.0955361934951 1084.2241182004643
669.2092649142861 1079.699422339936
671.3786650335111 1075.488412536571
673.5682652205106 1071.6923232077681
675.8313044039022 1068.2813315753212
678.153815787466 1065.184865205169
680.5051165269824 1062.284729995811
682.8947775502377 1059.5295021088168
685.2485132787242 1056.9534258200483
687.3904723610937 1054.5489757158134
689.453026978564 1052.4017631420618
691.5945294692427 1050.5834605015204
693.8393862752544 1049.1995321698
696.2768277801874 1048.3691446730804
698.7862129626596 1047.813439768823
701.2635649276344 1047.2375716160648
703.7011987021032 1046.4437642085923
706.140746285747 1045.4431169222896
708.4782286532654 1044.346490486178
710.6705716683991 1043.1818116569061
712.7542347657869 1042.081654459119
714.6710716414757 1041.1898705921556
716.4535421183034 1040.579711953685
718.1649482072235 1040.0815106354946
719.8020041094792 1039.594988806124
721.344876112997 1039.162706860643
722.7679599696318 1038.7285195259356
724.0862393597961 1038.421263180658
725.3985427834197 1038.344171591625
726.6735872531816 1038.3594192500584
727.7964181257026 1038.1619252927171
728.8885688534692 1037.7519401506568
730.0886003517037 1037.3544878897858
731.3618601399232 1037.063370324622
732.6662009474506 1036.9804531984882
733.9868759885326 1037.2268283171468
735.3346215545823 1037.9055238688204
736.6876300566742 1038.890138237698
738.0270348648619 1040.0034435380708
739.3596677574319 1041.0697971333625
740.6744808489941 1042.1126491735668
741.9472870026567 1043.2865569707787
743.1904478514158 1044.411227775936
744.4503811434165 1045.4088885824524
745.7604423074065 1046.3000694086006
747.1098883751429 1047.0214887194127
748.4641679270629 1047.6692806216565
749.8598002377269 1048.4118901580207
751.3015620131305 1049.1363949343486
752.7461792502331 1049.7136030399859
754.1210593783721 1050.0790790210026
755.4526989464182 1050.0842968504926
756.8083729877003 1049.743590110783
758.0612039237752 1049.1977303102974
759.1565358120786 1048.5120537003443
760.1168651855257 1047.5230134651342
760.9883687544357 1046.1798749953311
761.8345447145505 1044.736961310892
762.649125380653 1043.541849896482
763.4625191700972 1042.6951923925462
764.2376357062061 1042.2122774759875
764.8816028937968 1041.9960959754067
765.3790697244973 1041.9348187857795
765.7822395648881 1042.112014662597
766.0948646333359 1042.4670281641427
766.3263383263823 1042.817982512456
766.5313835877553 1042.9184601232084
766.7063290871064 1042.8722182984934
766.8737072993299 1042.8876905842903
766.9618284223769 1043.0259967477393
766.850669179822 1043.3088013357456
766.5494686278801 1043.7567375227532
766.1228144121955 1044.360241250951
765.5627204730563 1045.1179115718812
764.9334955098349 1046.042244337324
764.3699771605274 1047.1587419977138
763.8867218346963 1048.4866030074263
763.4505073714417 1049.9390586368397
763.0361730708979 1051.5536154349422
762.6136694096361 1053.3210200772573
762.1677735421036 1055.059454460232
761.6980571921538 1056.6539476862831
761.227707518494 1058.1358114654274
760.6869235075521 1059.449229285376
760.0400014251962 1060.385562222644
759.3172213292194 1060.9857405656287
758.5348519999968 1061.515976988355
757.7424114663346 1062.1573912513609
756.9313083083683 1062.7182427279674
756.1718559863376 1062.9524814808215
755.5174809285268 1062.7801185754242
754.8423360229355 1062.2725458862487
754.0940246516478 1061.566773076915
753.308095121428 1060.7083766200735
752.4449935969365 1059.6803775020655
751.5598541017147 1058.7118342240647
750.7071941646608 1057.933493107952
749.9611853921799 1057.2649289016813
749.4434477711258 1056.7525476110106
749.0884095168273 1056.1952187397312
748.7446346282522 1055.5662620836795
748.4095466180815 1055.1352840577351
748.0958502015251 1054.93983527571
747.8411538225517 1054.9602633650504
747.6975521750323 1055.093882805791
747.4857125937972 1055.107453510996
747.0414448297903 1054.7825217856139
746.3907095396697 1054.0875099557811
745.6267589569201 1053.1895359613516
744.8069486122638 1052.2771805358627
743.8861591759542 1051.3947228737306
742.7756092239957 1050.6600617062265
741.3645080406271 1050.283301697146
739.5425231977571 1050.0781534656685
737.3848903536864 1049.7436113732203
735.1132160006689 1049.3286207554306
732.8551405009165 1048.8837927918546
730.6283392122639 1048.237848741937
728.5534360366896 1047.3010292238794
726.6327341988952 1046.1630994173709
724.8274102945646 1045.0569817219666
723.1361044963818 1044.0795059490838
721.4046590719564 1043.1291299646773
719.5763004667776 1042.0807601272404
717.6330925864946 1041.041947600465
715.5300653536284 1040.0616187636474
713.3316857272839 1039.0877682388016
711.1277398260706 1038.666376906336
708.9452207419288 1039.0991207365616
706.8161292230933 1039.5629984489062
704.8279646318241 1039.5236979602876
702.9711098567644 1039.1446305907755
701.2371078151717 1038.500289590181
699.6951913498594 1037.6670596355823
698.2284884173624 1036.5451935847254
696.7497204257872 1034.9933676024189
695.2593779708056 1033.038423199486
693.8192324169146 1030.9022596947202
692.4983418944374 1028.878603501968
691.2714750296707 1027.7111601604383
690.1174695236245 1027.971664395862
689.0427327530402 1029.4458395121792
688.0986669174393 1031.0320624804863
687.4032957547265 1032.0337514895753
687.0774196036845 1032.6868457552519
687.1119526673654 1033.2513691799995
687.6552430006701 1034.1415450962825
688.9182033763727 1035.5149693783567
690.9207788909952 1036.910855647964
693.7649318034523 1037.9277510583865
697.452212953656 1038.6387088412832
701.7290224886582 1039.431015643252
706.375121894758 1040.5948680127212
711.1572164934576 1041.8559152074458
716.0571102770167 1042.8396808040059
721.1656491900168 1043.6731395686943
726.378220496608 1044.7926565455875
732.2126154057951 1046.0527755978671
738.8912434022429 1047.6644789296706
746.2241197289048 1049.8212072552021
754.6671694714198 1052.5320824675032
764.3045564307045 1056.0776792040726
774.7927872197835 1060.1545434883624
785.9320966421337 1064.4737567217712
797.4219902729542 1069.024370551974
808.9051266175339 1073.4319810927013
820.1954649515176 1077.3107626965195
831.2134413086735 1080.7510704057383
841.8631914979702 1083.7915639777227
852.1471741774226 1086.520283726468
861.9841895962186 1089.0831411023
871.3879412764694 1091.2372882212103
880.3904229355701 1092.766769484363
888.907435626297 1093.8781038513455
896.9401734665762 1094.729937696836
904.3257907799494 1095.4040674485072
910.8980271754081 1095.9161295990336
916.7000454638018 1096.2668240889218
921.7644013165142 1096.5923251830457
926.1528557172716 1097.1211819319037
930.0316960345635 1098.0189623650424
933.4578630553431 1098.915470286369
936.3367745623146 1099.5289986217913
938.6212104065509 1099.9088769047066
940.4944642709892 1100.1779499539582
941.9811994276595 1100.4309512403183
943.0124216877996 1100.5781967730684
943.6511029868038 1100.6369653645636
943.9252709684827 1100.7427664907702
943.9197047749343 1100.9663097940509
943.6925358967148 1101.3848927545773
943.425009115819 1102.2266493644468
943.2984927543276 1103.6013175961673
943.2134944190786 1105.4199307559845
943.0364978912621 1107.4412756474178
942.5286022895318 1109.04466879398
941.8126836992226 1110.2735383488798
941.1880371011755 1111.7085942128303
940.6199478064021 1113.1592801506133
939.8535673900161 1113.9630953807196
938.7718082571638 1114.0343206377827
937.4777037027648 1113.5904503533307
936.0195907747922 1112.8003276779643
934.5882376351443 1112.2601115482491
933.396184059538 1112.5825074245145
932.3823342077958 1113.5685122274974
931.3000405077034 1114.5149082116727
930.2296364489974 1115.4444665811757
929.365826963376 1116.6049235354908
928.6979998113568 1117.7796381724982
928.1806814284552 1118.85678954272
927.7851570604381 1119.953953921466
927.2766269877883 1120.9064023513986
926.5207380104915 1121.5029082254187
925.8759861642538 1121.9845003493954
925.2866266003861 1122.3079653056457
924.7179182254314 1122.7450169201575
924.3819825732265 1123.6368018396788
924.306787957293 1124.7647295532377
924.5131766005875 1125.9519437970605
924.8393964783684 1127.1341012244466
925.2183238399028 1128.5818874212807
925.730268831728 1130.5337073227581
926.3923186208691 1132.7899678532171
927.2321186304437 1134.8897583281123
928.2518449692293 1136.4847769924297
929.3962055336679 1137.7001597152541
930.6791750070081 1138.5905051545558
932.1544035992549 1139.2102184011771
933.7783993028398 1139.4817996123202
935.735599465237 1139.4737076178483
938.3646967663728 1139.0279965986695
942.0135493321167 1137.9430761533333
946.7657613518531 1136.4120821489373
952.3568616960057 1134.63449821176
958.4932874520425 1132.9150064474704
964.9372436603487 1131.114066390878
971.5739077938749 1129.1036949238899
978.376214475477 1126.8919819843493
985.3689743835419 1124.0103387508332
992.6217460673931 1120.4005440807177
1000.0689714199591 1116.6422118002556
1007.6862845688058 1112.921958685141
1015.835828762703 1108.9442249668432
1024.4993288148903 1104.7549814073059
1033.3580215289637 1100.7268230195268
1042.2558698455994 1097.1674265902743
1051.122494156216 1094.2598045919176
1059.9173476803921 1091.94825332543
1068.4828791208852 1090.0564924965174
1077.1592608892577 1088.5145240462655
1086.185019711286 1087.3599759204942
1095.3178192828198 1086.4181263163653
1104.422495224855 1085.519186603315
1113.3946475202315 1084.6193924016877
1122.0781825318484 1083.7163591007902
1130.3420635042464 1082.7772467962582
1138.0979002298704 1081.7345072094747
1145.2723167553727 1080.5377523858974
1151.7843749694227 1079.4025497357998
1157.627120282213 1078.631395108144
1162.871992048227 1078.3417856815286
1166.9639353672308 1078.2970163498646
1169.5102367566417 1078.149421464202
1170.6957118605656 1077.483953245361
1170.7966737144527 1076.1729246296231
1169.9967545065183 1074.5202914077138
1168.1867722503619 1072.6915689873595
1165.2463641942802 1070.6328188829139
1161.174856231136 1068.435871157127
1156.0824719952725 1066.2429236814
1150.137354449324 1064.3366078968706
1143.5848032463346 1063.0863645631925
1136.5607513607579 1062.239816985407
1129.1429159270629 1061.6049273049125
1121.0633448335789 1061.232858176223
1112.0796158114788 1061.2543372489085
1102.2731898436018 1062.0503312358217
1091.7420371620346 1063.835733353597
1080.6979288933724 1066.6378563397025
1069.392336132249 1070.3373122904236
1058.0395353839751 1074.7592979568024
1046.7909659280026 1079.6155125909895
1035.7713120608278 1084.7262689172233
1025.1214578596623 1089.849930936566
1014.9160093708684 1094.7805007509514
1005.220326996577 1099.186863777481
996.1503973693642 1102.7016102239456
987.7873482416858 1105.136834830372
980.1577618227905 1106.7018596510118
973.2830698559594 1107.8693467990768
967.1882691226067 1108.7439214443664
961.7845530773516 1109.5054804426375
956.936086846784 1110.260861808938
952.6716919609321 1110.908508393227
949.0252390909612 1111.427726329954
945.945962815152 1111.9197664887818
943.4060303848859 1112.4405064639618
941.3278947545499 1112.9716349225243
939.5470253369406 1113.4720202186377
938.0877537073529 1113.9547493870923
936.9809367781626 1114.3460134714148
936.1510024876659 1114.3992911329196
935.6512960907404 1114.1391529771547
935.5151065684859 1113.5225631082008
935.6492716896714 1112.5973254947883
936.0861635539101 1111.5881731946815
936.9555894450707 1110.4497133408145
938.2096299849712 1109.1322318597531
939.7609124889448 1107.6764907216937
941.694467340876 1106.2562035289702
944.1293193767477 1104.716802529381
947.0477452645061 1103.1053808824495
950.2890622550772 1101.472698912796
953.7127767587751 1099.7730058674865
957.2424265517742 1097.9753108954674
960.8672850650553 1096.3019033170858
964.6683974847048 1095.260339763348
968.687939226519 1094.9074137300818
972.892016727417 1095.1114062558636
977.0958244259476 1095.7404566221824
981.1006971782703 1096.5733374677113
984.8756762802295 1097.4529341971297
988.3767853661773 1098.3334873230742
991.3858810602785 1099.0811564293738
993.8086056388106 1099.7996870607678
995.7133819933225 1100.6117406459778
997.2196364651662 1101.12731943295
998.2531910792097 1101.3482724580274
998.41497504308 1101.4891671610028
997.5838620251119 1101.4451200842595
995.9800614334396 1101.1679959086352
993.913186973664 1100.9376832864793
991.6398478222783 1101.0641112004332
989.3274236813189 1101.5190242551764
987.1690359766612 1102.1768380908484
985.5308011502806 1102.6597221679272
984.7722475554634 1102.6503500033923
985.0279167080248 1102.2252931891196
986.3080166800653 1101.363753860858
988.5773838222278 1100.0735496834939
991.8784701126489 1098.4466493939442
996.2649656230293 1096.3449348425181
1001.771102970202 1093.7768172358515
1008.2530343720783 1091.208937171904
1015.4793010889027 1089.1560213570244
1023.4358864414656 1088.0239664250007
1032.8177076285995 1087.8609891757644
1043.7618624627028 1088.1870426942828
1055.6123131282775 1088.539966333871
1068.0387647492619 1088.6942298466906
1080.9436932070955 1088.5392712891676
1094.1194088504742 1088.0780632197996
1107.295281611502 1087.521490212077
1120.4427186388164 1087.0537220066176
1133.621188029505 1086.516899740518
1146.9458430491761 1085.8241655045583
1160.4081453800636 1084.888609082527
1173.9582366668035 1083.8353792963037
1187.4327475288521 1082.8731214892352
1200.6786819793326 1081.7940998023237
1213.6462986472523 1080.587958506736
1226.453352938219 1079.425677265946
1239.3418742668102 1078.3575373574452
1252.1574370765557 1077.5608881087082
1264.7682993791416 1077.2769945342034
1277.2595703157097 1077.6975502652401
1289.5963885754024 1078.6331033731738
1301.885722244883 1079.701676710236
1314.6278334451063 1080.5770009137684
1327.9618150689937 1080.7263226067587
1341.6279681844528 1079.6997126613028
1355.4543184549668 1077.4229201725475
1369.3656073297452 1074.4651808791466
1383.3841472315669 1071.352662076905
1397.563337429631 1068.4804252273643
1411.8679668994969 1066.0829627191515
1426.152918602718 1064.162813807411
1440.432957363141 1062.9201120162766
1454.7998813586894 1062.3777484231246
1469.1522051934066 1062.4454441532507
1483.261363720075 1063.0914710411348
1496.9185284509244 1064.1907114670798
1509.9487480000662 1065.6219374691016
1522.3474524230603 1066.627993255395
1534.0709216168855 1066.8979663448738
1544.8940112109042 1066.8444441390216
1554.7041570622916 1066.95631133558
1563.53258619611 1067.5333836339923
1571.3822980730479 1068.1785786194498
1578.1568824977278 1068.5664034118645
1583.7632235619196 1068.4534938553834
1588.180955047017 1067.634857511058
1591.4486523368073 1066.058373834654
1593.618243225406 1063.69247854362
1594.7412760143297 1060.7749055118754
1594.9115104447383 1057.5784528096394
1594.2554097361333 1054.3283342148773
1592.8877292635266 1051.1545773830153
1590.8795083025504 1047.9541889298664
1588.3769437987617 1044.6952254583687
1585.6424508634539 1041.620554053354
1582.800440701773 1038.94170625519
1579.8671477914852 1036.580330399069
1576.8935385265004 1034.3119401343092
1573.962302105799 1031.9758946185086
1571.186317668794 1029.7493663973275
1568.665617800737 1027.8845676984722
1566.4612686357118 1026.434020257554
1564.6736333250838 1025.3908065089483
1563.4574499404828 1024.766833489915
1562.8320488151771 1024.521099770722
1562.7378669076709 1024.4393387147866
1563.196760475824 1024.6156003145363
1564.164243022198 1025.2295330959357
1565.552341323956 1026.223690202611
1567.1497092755278 1027.3784643683703
1568.7539012474572 1028.4151508292928
1570.3280703290861 1029.439159089937
1571.8573968515525 1030.407099504148
1573.449896197536 1031.377345958239
1575.169583179666 1032.7121464374106
1577.073658157773 1034.4259453464651
1579.1632071570066 1036.3656919784707
1581.3830268540612 1038.362749335267
1583.8028923882177 1040.3752712367307
1586.5063133168048 1042.517574782426
1589.502207200551 1044.7786330692886
1592.7490191495726 1047.1808118969518
1596.1429348946942 1049.79287935399
1599.6442945574574 1052.5614279924514
1603.6380334763915 1055.4082065627965
1608.3485704327552 1058.2230327292416
1613.6248989167418 1060.865598151356
1619.4454513205128 1063.5096763219221
1625.7711789113182 1066.481233333492
1632.4729577363705 1069.5884620848303
1639.3305882097538 1072.714091878397
1646.1546434471 1075.6958684156186
1652.8197078877145 1078.1378859930965
1659.1859702181234 1079.4086516989562
1665.146692105014 1078.9513438648517
1670.6738761496624 1076.98521187706
1675.8035481388106 1073.939126578342
1680.599173568764 1070.1001458632581
1685.0892080390097 1065.9651518993437
1689.2484288251003 1061.9086121179168
1693.0996075899975 1057.9855089040086
1696.6354230434235 1054.23198178906
1699.8278535387453 1050.3617061323769
1702.7241907715409 1046.3446690745488
1705.4137232136036 1043.4217097702385
1707.8460667746403 1041.0441259632375
1709.9939663413295 1039.2124171182395
1711.8574169217982 1037.7830241073348
1713.5178115891338 1036.630239373134
1715.0039961187292 1035.7980323451359
1716.0099496393962 1034.2975890023965
1716.3678786134928 1032.2861302180488
1715.9405605467891 1030.216559856159
1714.839820518806 1029.06224220504
1713.3781958377951 1029.2734304204153
1711.5741137120683 1030.159557381445
1709.2909246116653 1031.6698945772011
1706.3488899709594 1034.2130583660964
1702.740657702835 1037.568537754791
1698.7035900149208 1041.2887671111694
1694.4798072714868 1044.9943836476493
1690.2181303990183 1048.4599511673534
1685.9649923572551 1051.525143292066
1681.8151017373461 1054.4970393876988
1677.775583666149 1057.4800134331508
1673.8330968214739 1060.1087296269566
1670.118132312021 1062.2380967720228
1666.72013583037 1064.0272752213386
1663.5789807082426 1065.7666016556568
1660.6306201889665 1067.5528126239308
1657.9140626714893 1069.2041675547987
1655.3731437312972 1070.39578812384
1652.9126286068085 1071.0730549514967
1650.5499743509915 1071.269751389339
1648.2970740007413 1070.9920105286199
1646.1245565984195 1070.3765548210508
1644.1493324977382 1069.6444511111952
1642.4773091988836 1069.0816571788148
1640.9817815309514 1068.7604664533421
1639.5069118021452 1068.520326736861
1638.026260285989 1068.401297422504
1636.5910268662903 1068.5575170350137
1635.2693426098135 1068.9961720783601
1634.0174845810836 1069.7964502627374
1632.8370500482972 1070.9741338068418
1631.7868011918947 1072.3744968330598
1630.8540297838956 1073.830438437622
1630.015648109483 1075.2211405480843
1629.298783122062 1076.4455597268754
1628.6149360989461 1077.4107839056617
1627.92133981993 1078.0540731017672
1627.3109315246384 1078.415206229409
1626.7614089560288 1078.4842546921384
1626.242212630999 1078.5274600309974
1625.7616246803852 1078.8281503880544
1625.2235660642887 1079.2439090608057
1624.5774337960036 1079.6104862856569
1623.8886839993932 1079.9111022919953
1623.1380346453589 1080.078012597707
1622.447400490331 1079.9576919193935
1621.8959990698306 1079.5859581533143
1621.410467223913 1078.882116477096
1620.9551403209316 1077.7850623775423
1620.3924669923983 1076.2575838165703
1619.7210783879755 1074.3212565333215
1619.082694223205 1072.2048971461916
1618.5415858951808 1070.0528454663392
1618.1265560253717 1067.8950825768088
1617.7936632962032 1065.8732548317444
1617.5022027070377 1064.0369570983883
1617.1221818963593 1062.4195686239873
1616.6842035872444 1061.1433217685483
1616.3180059842707 1060.2691250244393
1615.9844876279087 1059.8030694026916
1615.8130353584029 1059.797672875231
1615.899710141655 1060.2333820939302
1616.1381351630614 1060.91729244327
1616.4444213415763 1061.6014876175386
1616.8219537666198 1062.292817038804
1617.3197228731394 1063.003143105631
1617.9190922920654 1063.680210159796
1618.5634342734372 1064.4042330984448
1619.2320442201037 1065.1447925340212
1619.9936647202367 1065.8700974892422
1620.862497097782 1066.593425472269
1621.7861878631547 1067.1695777219725
1622.7340637144537 1067.5328225264925
1623.6513878193464 1067.7178863257507
1624.499452733633 1067.88921273613
1625.1891413719331 1068.2288118552772
1625.6243307469892 1068.668555948596
1625.8065476242205 1069.0321651068068
1625.7396797057459 1069.210614155508
1625.5194245535065 1069.3040755741818
1625.2665137525585 1069.341301654182
1625.0458258269227 1069.2638884920984
1624.940581466781 1069.2090335802643
1625.0030738566136 1069.357326855927
1625.2397912720555 1069.6833261529932
1625.5176859101418 1070.0049239612972
1625.6736160923567 1070.3483837000742
1625.600279803146 1070.6405615878407
1625.2775024643586 1070.7587543722864
1624.7978836374177 1070.8236306483177
1624.4447426537713 1071.012578522247
1624.4477674345312 1071.4731048544968
1624.66563981584 1072.3220363097596
1624.985412244016 1073.6063843831932
1625.3747574928482 1075.072210048473
1625.7637176107494 1076.4292138577684
1626.183836139553 1077.682041102789
1626.6143006718082 1078.7499549798933
1626.9556724053975 1079.5668229532532
1627.228005724691 1080.2195411066814
1627.5484094032906 1080.8033127255069
1627.9827972864302 1081.3456121305885
1628.528092473 1081.9777127975697
1629.107404299777 1082.7141835798243
1629.7075717066296 1083.3626809247958
1630.300636296498 1083.7689080522891
1630.8456380573748 1084.0241347758317
1631.3592159225439 1084.0897289354882
1631.7544533024823 1083.8110089534107
1632.0210480533653 1083.3278481129769
1632.2364592028157 1082.8192924385755
1632.488264791266 1082.363444346755
1632.8918526397895 1081.955826835353
1633.4317409443859 1081.7341160936012
1634.0382427359252 1081.6166479796634
1634.685168036087 1081.4858333028367
1635.364294101142 1081.369520168398
1636.0451841284835 1081.4496622546953
1636.6745441907628 1081.9137250519736
1637.203096438462 1082.5922650735645
1637.6322950479373 1083.353541694956
1638.057841091921 1084.1823507373595
1638.5744442604616 1085.1583131778443
1639.1992736616214 1086.1860369303213
1639.820556029658 1087.006455510955
1640.3860139296437 1087.535567642529
1640.9188280222363 1087.857105492235
1641.388856473265 1088.1463325395277
1641.7081989532494 1088.335879867895
1641.8939965009945 1088.3941762886107
1642.0877539918633 1088.26013682157
1642.4768012405152 1087.8331198613914
1643.2322787026792 1087.1767599168672
1644.4619685569826 1086.3182598516619
1646.2036407918627 1085.4366771478453
1648.0765480877646 1084.2904636924118
1649.9380224362133 1083.1457956650534
1651.9748660504492 1082.2487053452667
1654.085529039454 1081.2471247494095
1656.1568838962808 1080.2079580409466
1658.1484773795357 1079.1983979855474
1660.0620686164107 1078.1308898240225
1661.9709179579029 1077.0370179511006
1663.7908682238567 1075.2463822677366
1665.4797088234864 1072.2152882490623
1667.0600174383678 1068.3406939879071
1668.4507015776137 1063.9858622852043
1669.8680380447126 1060.2419006135667
1671.5740247781282 1057.7249951032838
1673.4184064669537 1055.2193118249581
1675.2236402585627 1051.9955500651024
1677.0058545016805 1048.3204209122318
1678.707158041091 1044.4749684463654
1680.2378291861621 1040.661713540553
1681.5897491230278 1036.8388337948184
1682.6471964778193 1032.9971089868884
1683.3637159982288 1029.3149220096236
1683.8552924269513 1025.7848414466107
1684.3179912019746 1022.2953950781716
1684.8991321141148 1018.927146798733
1685.6134155341858 1015.8200747546892
1686.4351270417246 1012.8636571525336
1687.237906858888 1009.8982697641775
1687.930199432019 1007.0066171836754
1688.4766989501045 1004.3828968784721
1688.8463796329188 1001.9909746932806
1689.0637778562666 999.8663717280873
1689.3916844964053 998.9525243393562
1689.6359047544204 999.126210239229
1689.4667267601187 999.5068470185283
1688.9674252589798 999.8385999572354
1688.3653743020295 1000.8095128839454
1687.6008962334017 1003.0698853032357
1686.480853194472 1005.7218833084825
1684.8408869490634 1008.7689636386393
1682.6567313913304 1012.517543608474
1680.172949539678 1016.6798094486867
1677.5418167450669 1021.2356218173978
1674.9227363970633 1026.0518603637024
1672.4051400454673 1030.963389590148
1670.0512215130618 1035.708866921725
1667.9713108685803 1039.9801337839585
1666.1714304186082 1043.578357415709
1664.6662270915608 1046.5130661317846
1663.4596963772324 1049.0308302636643
1662.497234041175 1051.233484694898
1661.7379321855756 1053.0871105881317
1661.0866992668416 1054.7112943682725
1660.5486365269066 1056.3741478054833
1660.2127671848664 1057.1644373238535
1660.1917419806682 1056.290902734418
1660.4820385840494 1054.1538275439666
1660.926363606135 1051.4182677093088
1661.368342818241 1048.6096985356862
1661.7472039500167 1045.9495251057547
1662.1332845107515 1043.408396287998
1662.4505548341065 1041.0586098330625
1662.4420398814634 1039.4923007176096
1662.0502642716042 1038.8233964054639
1661.314802328813 1038.8272742892186
1660.2269418719493 1039.3135670533768
1658.6445178468991 1039.913642599216
1656.3629268433483 1040.4511460095337
1653.2904317995556 1040.7636770842014
1649.417554199567 1040.3238425944394
1644.9832569185187 1038.8602346810828
1640.0362428260553 1036.4200038051385
1634.5429384685442 1033.323102771024
1628.5949811903104 1030.1793700545038
1622.1169999555977 1027.5979701029369
1615.0479027140348 1026.297109998452
1607.471654535757 1026.7977244517292
1599.5964017193912 1029.2801197778213
1590.9991951540055 1032.9054256464462
1581.0829913554257 1036.6363234248543
1570.0210559870588 1040.3069790912339
1558.140768846221 1043.939711242439
1545.6770026782715 1047.6187789343016
1532.9601010478239 1051.1649007356077
1520.0102538047104 1054.3965311926306
1506.6586078156865 1057.5192588965308
1492.723274782441 1060.420409233708
1478.1571305564796 1062.98255858337
1463.173691024765 1065.250107995342
1447.8779616194674 1067.4651802174083
1432.3427432145993 1069.910645574458
1416.9651339941852 1073.3046649671078
1402.0400309002594 1077.531190519786
1387.511526669624 1081.6598443378477
1373.3218019850121 1085.727553772305
1358.7644645427367 1089.5042190251966
1343.4889710045984 1092.4709140297566
1327.9243770539902 1094.6412318754842
1312.3256131448077 1096.481653489409
1296.901211805275 1098.1645973139869
1281.6674197698871 1099.4481277083144
1266.5069163841663 1100.2537580552862
1251.190526581628 1100.5304213175623
1235.6112866490091 1100.3990031473122
1219.9767837849186 1100.0580847645151
1204.489241093921 1099.520775215982
1189.475412070871 1098.6108464964234
1175.164423381353 1097.373120033206
1161.3822748168702 1096.213963720778
1147.4586993224627 1095.214104589527
1132.8359737521366 1094.591255645044
1117.035682284453 1094.3487988683526
1099.704898786414 1093.9255997197722
1081.271081922204 1092.7270235492647
1061.8800290051581 1091.0844361630263
1041.6836086064648 1089.4576193165672
1021.23717016382 1087.6810494471115
1000.9136021392283 1085.993784702944
980.9633950154474 1084.4446217434127
961.6526881578199 1083.0153726703106
943.2430176100572 1081.7720137690656
925.8276324381185 1080.7598170635347
909.5351715008283 1080.1610166916917
894.4990163075067 1079.9975156370915
880.7417586670714 1080.164931716871
868.2515326756436 1080.3505688232
856.9473052726973 1080.41771764783
846.7075559286657 1080.4702980635482
837.2231488698587 1080.3553668722268
828.2441356870881 1079.926353748349
819.5770855791751 1079.2812057898627
811.1029566596642 1078.2451894168482
802.9670121495417 1076.6189786802338
795.1949508400094 1074.3328855115421
787.6318384958316 1071.4379496884383
780.1802420813552 1068.0596805934356
772.7291550139194 1064.8379351574442
765.209827548992 1062.3434351212243
757.5050380024876 1060.57095053451
749.7140312562183 1059.2125077680653
742.1365679178296 1058.420884919927
734.5846544041174 1058.9425390623362
726.9269043027394 1060.9047879926982
719.3310139643991 1063.839621516496
711.8742410097514 1067.3854436132376
703.758162131314 1071.396601389992
695.5479235774901 1075.1910019496704
688.376639589859 1078.276674085733
681.1132998134899 1081.283575173037
673.8961860263 1084.6749274164492
666.7876022285814 1088.398013175529
659.9855649327933 1092.2101157331535
654.3789333894811 1095.8596008804402
649.7468270552018 1099.24683348682
645.9466699736034 1102.283805113363
642.8543970962857 1104.9373506089375
640.3780833524156 1107.2184458048991
638.4569754846096 1109.0888748330613
637.0589835594063 1110.303755894673
636.0220267931 1111.1868873321462
635.1983367428778 1112.1056195701917
634.6415824539993 1112.660339229842
634.3031373823821 1112.6760119501548
634.1115997609562 1112.4141186263116
633.9894786961829 1111.9887566609125
633.8630264437536 1111.5220269082056
633.8374389652337 1111.3113371829138
633.9919750647616 1111.1118314043292
634.3970555010295 1110.6124531815592
635.2558795209469 1109.6479694720058
637.0511976795917 1108.15217832287
640.1675402259311 1106.2625144099156
644.3161305628739 1103.9129640224264
649.1364524024109 1101.2783725009717
654.4850857339896 1098.5488588504638
660.3740725084918 1095.9185276240355
666.7882542001548 1093.4696269649262
673.5987045088797 1091.2139754937907
680.6879164750834 1088.9333376378704
688.0312556208619 1086.8098851994
695.6132299672615 1084.7916122679906
703.1880317134514 1082.4603836284634
710.5632612578681 1080.1471388842974
717.6698681655621 1078.3477604860566
724.2735061387074 1077.3560827220356
730.1076527776574 1077.2073119299148
735.1617459720815 1077.9131140766065
739.5155753035759 1079.3297870368085
743.2850326396526 1081.041068148919
746.6007148552553 1082.6687320104156
749.5309918149776 1084.079130552665
752.1504859867407 1085.4954409397146
754.5419908377604 1087.400059040606
756.8037243590858 1089.905314298396
759.0365391817868 1092.6641075844457
761.2574719050135 1095.542069943603
763.4721663789514 1098.4883273140324
765.7829838622412 1101.423529905381
768.2247893385999 1104.4896387817166
770.7638049871254 1107.6377983492475
773.4621591863931 1110.576658642293
776.2212921650389 1113.3332454260442
779.0444735495068 1115.6164202135087
781.9764169486417 1117.4828653917355
784.9257866550354 1119.0066540823802
787.8550384344359 1119.845586865481
790.6493316301246 1120.2265847827364
793.2942079794889 1120.295486944157
795.8250315971884 1119.9238853919771
798.1560878021032 1119.4291210993601
800.1708668552099 1118.848018131362
801.8658168412373 1117.746052962303
803.3241691915345 1116.2394917409476
804.5381380337994 1114.4878359131185
805.4390700430977 1112.4623868464737
806.1702656430905 1110.167823115586
806.8774460499855 1107.8243982249073
807.5690915513364 1105.7163932251744
808.2215113885686 1103.834711879563
808.7996734158595 1102.1611611278645
809.322576001542 1100.737158740239
809.5842128856151 1099.8076700185443
809.6486544515021 1099.1752842146984
809.7068221652873 1098.4592831642062
809.6102160964082 1097.6603228901265
809.2747909236609 1096.8332120790394
808.6625923629301 1096.142984853283
807.7495647355081 1095.611728186579
806.5559360348803 1095.133675353918
805.1763213512086 1094.7581148623428
803.689329927275 1094.6534473457455
802.1252220079293 1094.817256560137
800.5448444008383 1095.239752749017
799.0544806214375 1095.820906077993
797.736762729687 1096.5514141520787
796.566380502344 1097.7768014342846
795.5301186545483 1099.5236221550722
794.7986724727755 1101.485661577211
794.7055008809365 1103.4891875744754
795.3036595338806 1105.4662570204227
796.447867098359 1107.394796614889
798.0159808037296 1109.3474982680643
799.8638945538914 1111.1794584774186
801.8852918622658 1112.8824703268501
803.9434666946705 1114.6504593542131
805.9244920118259 1116.4235246778392
807.7170951883263 1118.074839680738
809.3218697254645 1119.5269366722764
810.8303453643096 1120.7020670643662
812.2739336504077 1121.5644833194208
813.5982029595042 1122.2472405991398
814.8051779917995 1122.7912426532582
815.8519278999293 1123.0472421206562
816.6813983132183 1123.1084925020698
817.413209344631 1123.057604185967
818.1098923714255 1122.8800943586054
818.6650015324667 1122.6384950819877
819.1001204904051 1122.497585172582
819.4500474922137 1122.5263209836141
819.5935830685873 1122.7061693316912
819.4031775040809 1123.0132198486135
818.8857579461289 1123.3957581658083
818.1977419924127 1124.0553382680173
817.4993114739859 1125.1585491523942
816.8893379686544 1126.6071484535582
816.360618244215 1128.1985251011242
815.9096674248332 1129.7859503469306
815.5795606931955 1131.3625988062608
815.4271905755626 1132.86854210505
815.4485281291434 1134.2818445120665
815.6302578935884 1135.6838034605305
815.9891798387773 1137.0313620844167
816.4279073296018 1138.2232407524266
816.8346424344634 1139.2141780812087
817.2729476514496 1139.9360587881374
817.8147617700238 1140.2843052357455
818.475644808214 1140.2178006163335
819.3127802304089 1139.9195536455604
820.3570466680496 1139.5030397819462
821.5601610016585 1138.92380929789
822.790713873685 1138.124622481624
823.9674555836137 1137.12479145487
825.1129360544184 1136.3089874054701
827.2026348785796 1135.3410356862812
829.8714838861441 1134.3359000539012
832.0150256682481 1133.8533632636847
833.741108438143 1133.6715443606925
835.0581265535072 1133.5368144241415
836.0091612685063 1133.4334752804436
836.7563303615024 1133.490916801676
837.419897681179 1133.7377763919008
838.0119527086807 1134.3215887915035
838.4955348309927 1135.2282007345948
838.8687463136703 1136.1354875620195
839.1931672056645 1136.994592090338
839.5683293268677 1137.8444380385868
839.990849693235 1138.5693438290484
840.3787913485771 1139.1138091090183
840.7351087412007 1139.555826914056
841.9678847683829 1139.625350861213
843.7325498364758 1139.588869127958
845.0207513591088 1139.8810516484457
845.911355839379 1140.2285016286612
846.4678091778945 1140.5012990890573
846.7972211361185 1140.6742992978961
847.0037691424599 1140.710066520188
847.1258945282682 1140.6333446222845
847.1343770785307 1140.5023901730433
847.1019915775422 1140.3847342086501
847.0976549454318 1140.3549607070836
847.9277316569558 1139.8698128025608
850.1245332525593 1138.5358391516204
852.4297888446317 1137.0918761324833
853.9921291776353 1135.9149171171616
855.8209164811249 1134.3857039382904
858.5650991006851 1132.2005583851246
861.9261366159582 1129.4196441995562
865.6890735509221 1126.174029433495
869.6611436461103 1122.7612782410013
873.6823710235042 1119.1817828484052
876.8106210207723 1116.1645624667958
878.4440696001974 1114.3691216847
878.9277348338335 1113.5235521581499
878.5562304513718 1113.322832404258
877.5534566443638 1113.663066534769
876.0937085829237 1114.3679164552007
874.338677257804 1115.2021459235816
872.4077916974597 1116.125082357837
870.4078069094478 1117.1301646563452
868.3948052222052 1118.1841265980104
866.4117681519754 1119.3160463702955
864.4986055547322 1120.5390910111737
862.6613726506489 1121.7509307800715
861.7954208918466 1122.0402837545416
862.5186564984105 1121.0668014672203
864.4004706476558 1119.4022541688441
867.061510303131 1117.3356069729523
870.2253535458694 1115.0699636722306
873.730655257981 1112.6188079926267
877.4270406085378 1109.989330894604
881.1719113820877 1107.3401688224058
884.8695641345743 1104.7687249580983
888.4304792812685 1102.3374154411965
890.8947410079751 1100.8317879041197
891.6849769101775 1100.665499624323
891.2685198840184 1101.4268814773488
890.8198727440969 1102.1623937139432
890.3170733412362 1102.9095585347652
889.0234085019578 1104.2994060584995
887.149921175134 1106.0336987193393
884.8189602033405 1107.9755416945343
882.1535361430253 1110.070298747225
879.3318811944771 1112.234041806606
876.518026641033 1114.5004022120495
873.7748880672574 1116.7366869362324
871.0993271946584 1118.6771790904343
868.4367680893121 1120.188709972931
865.7733870172647 1121.1398046124775
863.2747773240924 1121.6359184308642
860.9768038193668 1121.8850027825727
858.806369366753 1121.7186523502876
856.7533281939653 1121.126450431592
854.8036672943583 1120.3365816868513
852.9833076754044 1119.5854503238295
851.3292841110921 1118.9989731085125
849.9044028525752 1118.7126957831165
849.6557145302154 1118.2519074106774
851.1345255981746 1117.2094438532158
853.8582657275385 1116.008804473439
857.4314919981063 1114.8738214826692
861.5221236908496 1113.6839998049481
864.9684734306264 1113.0424494940908
867.0262116425566 1113.245171608071
868.0238641174465 1113.9144403611933
869.1117368375801 1114.4545047016913
871.0827572175333 1114.4057127635126
872.7936532321486 1114.5395224646325
874.3494006416379 1114.7712799847538
876.6014043810688 1114.5062996815816
879.3533321757291 1113.8715364972093
882.4185536537354 1112.9459379386838
885.6392792020858 1111.8292390472363
888.8970972440331 1110.4689885233163
892.1168613263725 1108.8413320956095
895.2210484378847 1107.0936268552875
898.1755390532727 1105.3328594422233
900.9548995899656 1103.5493681003975
903.5653238717937 1101.8950926712332
906.026851888567 1100.476199869486
908.3724937218461 1099.0683178721401
910.5958293601249 1097.59369606799
912.6732756980862 1096.164599409255
914.6031291835199 1094.823764489866
916.3739496039707 1093.6279160807946
917.9841941583455 1092.7922280602145
919.4551398010872 1092.3013376612241
920.8134462533997 1092.0142519357235
922.0098735007826 1091.9562465354843
923.0262115068658 1091.9987079665636
923.9117546831324 1092.0558447161197
924.7213247042738 1092.2229733702989
925.4677787693585 1092.5651523939016
926.169827056464 1093.0372645804302
926.8788212102721 1093.5178188595828
927.581092774665 1094.1912125302467
928.2195559571362 1095.2440833562189
928.7767187219148 1096.457536017982
929.2513759190967 1097.6143445054397
929.639586369679 1098.630015732271
929.9682155660325 1099.549503876243
930.1943989620206 1100.4907638398045
930.3176847804866 1101.526998357376
930.4454966358998 1102.50279934029
930.5424460391602 1103.3208879515876
930.5126530183851 1104.1062468271953
930.3260181621815 1104.7438691574541
929.2074046838366 1105.7743732632857
926.7003086418632 1107.5643400899614
923.2674232868478 1109.7201612866495
919.184056677511 1111.7618482331748
914.6774740830299 1113.5417725495233
909.9875940456922 1115.2377758983296
905.2502695210584 1116.680049197588
900.5712663751207 1117.8278152839227
896.0310134963 1118.8086828373655
891.6909526710162 1119.7759880048088
887.5623373807649 1120.755037725797
883.6345290946037 1121.7266343592266
879.9164439070689 1122.6662667211929
876.4269268010727 1123.4126647086662
873.2130393769139 1124.0464933078515
870.3183367222998 1124.7186573969527
867.7622444984453 1125.544206625182
866.2912409171678 1126.1840854965624
866.3727265804222 1126.2372823723854
866.8333133284008 1126.2686015095655
866.8331734109297 1126.7536534278795
866.4765262607755 1127.3881695871546
865.8355642659592 1127.8856014925436
864.9753619088976 1128.2245453512407
863.9863299196622 1128.5313124230881
862.9353939255298 1128.7243134334353
861.851499930609 1128.8162646639685
860.7563950445485 1128.9391335415646
859.6435346035275 1129.096479135666
858.5101156460149 1129.3889239690623
857.409455249831 1129.7548667075123
856.3941666852318 1129.9917792846027
855.4735489655568 1129.9682517513838
854.6587223368915 1129.6065109701763
853.9712260493042 1128.9348757260568
853.3900495748609 1128.1689221483728
852.9056045139281 1127.6012516970068
852.5117251654161 1127.2576171945245
852.2043040539871 1127.1919595822346
851.9987131511241 1127.3438694060847
851.8425650941266 1127.5312834828023
851.6889498019357 1127.855675474889
851.5122894435481 1128.3298894878728
851.3077543307362 1128.840749676897
851.0979407149229 1129.3688805166883
850.8719266958173 1129.8704393252933
850.6628329755163 1130.4227770543594
850.4791470024688 1131.0942792568585
850.3255268256789 1131.8782182911705
850.2342804028015 1132.78681205316
850.2012391962518 1133.7919660776454
850.2164587405989 1134.9597282270051
850.2494656330505 1136.3558795587226
850.2506725230576 1137.909744055942
850.1855312307358 1139.4686437777711
850.057842785218 1140.8588041482603
849.9100877243355 1141.9216222784285
849.7494123503694 1142.6651813100957
849.5505370767943 1143.1071769695395
849.3403233411068 1143.3387284044286
849.1248919931227 1143.702959419112
848.8949913537454 1144.4252937771957
848.693082875107 1145.3866654281555
848.5252510445246 1146.544813023022
848.3587731574194 1147.8384278307174
848.169456489976 1149.0665248674916
847.9688495488998 1150.068933873105
847.8197110529853 1151.0475679305573
847.7480059007612 1152.2149505672746
847.7115296481616 1153.4174482985104
847.6973590009113 1154.597890024279
847.7267631695294 1155.7209793803615
847.786399826724 1156.8718410868714
847.861834352476 1158.0724866579556
847.9241218128161 1159.1594085828904
847.9209861291768 1160.2081247961564
847.8610523705577 1161.3272454086914
847.7938717097127 1162.3560500865672
847.7612466180243 1163.1637681493867
847.7528721860916 1163.858690797066
847.7638621504037 1164.541505133466
847.8097035463682 1165.1481108326536
847.8911577960114 1165.703502704955
848.012866245853 1166.2300295730395
848.1325384795346 1166.7276813399683
848.2222337868923 1167.3060945630707
848.2990986517681 1168.0293547729664
848.3589284467141 1168.7619454575802
848.3776255993913 1169.4159414717867
848.3672066496919 1170.176600354468
848.3798651443117 1171.104492599302
848.4352919592047 1172.1612443089891
848.5375209481523 1173.3624337082847
848.6703479262638 1174.7825527426817
848.8236803791735 1176.3872424697388
849.7440831394186 1177.4879589356754
851.8901867652694 1177.591625548535
854.8855767861145 1176.8975172654605
858.4153008367481 1175.7929775247458
862.2408590708501 1174.5077814086656
866.2257574345439 1173.0962352672059
870.2774830141228 1171.5840632187194
874.3051739464548 1170.0740607561888
878.2445190695073 1168.6439326085374
882.0439043744318 1167.1637171326784
885.6648031059718 1165.5316554620103
889.0650045714403 1163.7380945728662
892.198415140386 1161.9980735732208
894.2968348304946 1161.0718922388862
895.644756919007 1160.6394673100206
896.3826059588849 1160.659483878186
896.7123986090905 1161.0498285794708
896.6647375085497 1161.7039871852687
895.6400136921618 1162.9737718571866
894.7180075841745 1163.998180717414
894.6156439004909 1164.2813916417856
895.1000562190684 1163.9296168611606
895.9779848865858 1163.1304713614304
897.1351153091935 1162.2111016947185
898.4848312443833 1161.3463615692594
899.9627467008354 1160.37058164233
901.4996131446314 1159.271377099607
902.9856326085155 1158.2533191378595
903.6366719006407 1158.101074689654
903.7008272452941 1158.4905688103308
903.2480316758487 1159.1002329748508
901.7704513546694 1160.3593239202476
899.6000728475168 1161.9483717283138
896.9414054342416 1163.6712873235294
894.7660443661682 1164.8334405147577
892.9401201996079 1165.6453989851107
890.6773042394719 1166.7841264143215
888.1125592961523 1168.098477456106
885.3528622837214 1169.344852849447
882.562537491339 1170.3834148088604
879.8298750847406 1171.3120023906454
877.1780577485499 1172.1497799251295
874.6424053705352 1172.6994833306999
872.2468259797453 1172.8846560451366
870.016145397651 1172.8000759455406
867.9591562121949 1172.5093591186321
866.86377481305 1171.7009174297766
867.2153842820668 1170.0952532256
868.5887184477914 1167.796812110628
870.6638482252954 1164.7657163645843
873.2092098949255 1161.1287720980738
876.0572281719774 1157.2039761165872
879.0735267791574 1153.2192891696407
881.3613788839423 1149.945585459296
882.3452314842798 1147.7718809141174
883.1279056405809 1145.7650758480997
883.6945649853951 1143.8500209940303
883.342871203298 1142.5506222286397
882.3344267855107 1141.8661125982528
880.941534208258 1141.6102623636198
879.3256120668217 1141.318934749596
877.4985884161777 1140.895204159429
875.5126977306118 1140.4031894558036
873.5148591207957 1139.7227729574793
871.4987356663459 1138.9127811270757
869.4513946448293 1138.0218492300817
867.447432917453 1137.0314771433048
865.5069975788946 1135.9259237566462
863.6279632325474 1134.6878275543995
861.8522314091756 1133.290983045
860.2108990773122 1131.8146350432287
859.5786616996322 1129.8426962888213
860.5188485439137 1127.0878847475083
861.6713060963363 1124.467092078873
862.0957477236533 1122.565436548356
861.9711486867582 1121.3438459185363
861.4338545849891 1120.8672264404208
861.5296993897657 1120.2371605177716
862.9958021281099 1118.8557752496722
865.4504946571785 1117.0418996110902
868.5879574008179 1114.9930005828394
872.161966215054 1112.7628363287454
874.9941760386407 1110.947246969382
877.2752774538073 1109.5345619504442
879.955765749886 1108.0146863620898
882.9037846700325 1106.448293817597
886.0058063082901 1104.8453301078084
888.1210209728894 1103.8066598844978
888.5937624125643 1103.871150040798
888.8646219219962 1104.0030062720264
889.8993869617608 1103.3889383802
891.475882199424 1102.335825301881
893.3957849276451 1101.174968159441
894.557671364391 1100.4048613373036
894.2335010335679 1100.2348563381477
893.7806436273205 1099.9245805825026
894.1154712339688 1098.9776723456487
894.0846558542542 1098.1319172992864
892.9148479662972 1097.9850153038471
890.9051388323596 1098.4072922596938
888.3754372689683 1099.2743631511194
885.5188357135646 1100.273392529495
882.4687548328641 1101.1689827934792
879.3757695749111 1102.1866409461095
876.3363917986646 1103.3873452543085
873.3554938029329 1104.5693480036555
870.5037138822809 1105.6915393292823
868.7563863341882 1106.2517562148973
867.7723438261784 1106.4806732292916
866.4995667071809 1107.0165337130286
865.0136418315348 1107.6991585659323
863.3992346522717 1108.2843786405876
861.7105332192644 1108.8337370793163
859.9598978119093 1109.3463501881192
858.1769457240105 1109.7027452091247
856.4086126201955 1109.9877222094967
854.7354170663511 1110.2773506156539
853.2542613732792 1110.6129900253031
851.9312741387109 1110.8447693648986
850.7099934681788 1110.838081598846
849.5722896061047 1110.7117172167937
848.4986957044522 1110.67650527237
847.4728895123527 1110.649500129933
846.41499020892 1110.5365146249765
845.2264018765869 1110.1405307488933
843.9730916216375 1109.1146083863996
842.6619082081619 1107.5368666624681
841.2648641254385 1105.7955886692466
839.8347348112264 1104.1047289877963
838.4750444977418 1102.2172075808976
837.1229362902807 1100.0651519988703
835.6635207573127 1097.9044634786237
834.0510721068958 1095.85759260104
832.2002410687361 1094.1178484597738
829.9276425858918 1092.7178892175996
827.1823165953169 1091.8459031645045
824.2724079922111 1091.6381009770648
821.388134122917 1091.8554858446687
818.6046638314614 1092.3142680610406
815.9459528498076 1093.031447398752
813.3776452411838 1093.9763035060664
810.9088198592217 1094.9413537650432
808.6237423634541 1095.6721692646881
806.5112487114134 1096.3188562725904
804.4570859364679 1097.2209434416138
802.5436512474002 1098.4762529419882
800.9429727775014 1099.8632930245114
799.7848891774421 1100.9032544357476
799.181134894441 1101.8006526375304
799.3242448941336 1102.589500238981
800.3017478781455 1102.839079200216
801.8412911397744 1102.8312529242114
803.8529606915523 1103.1074107102627
807.2741953881022 1103.7631595922203
812.681460082279 1104.7070800520087
819.5938732381568 1105.6821967627234
827.5208502223828 1106.3752547254235
836.1045045233757 1106.932887813434
845.0878545553132 1107.8063122686576
854.1496978327317 1109.2594449404728
863.0820876703599 1110.964020278177
871.9343747502414 1112.2898642492798
880.729734969267 1112.9699220261375
889.4845102776616 1113.1326472950739
898.157115265728 1113.2230904318712
906.5454686041176 1113.2919071650938
914.5765539869582 1113.1521923701725
922.3421607707737 1113.1858205352064
929.8070771797011 1113.2973751683162
936.9488076045899 1113.3185559275234
943.7510171869503 1113.5072384022506
950.1541658947185 1113.6403332512027
956.1717861903776 1113.553518258091
961.9455662644376 1113.2794478062472
967.5759337061615 1112.6741646906141
973.0169156608409 1111.734237241604
978.2065354522608 1110.5837093273567
983.1290109619941 1109.2665522551379
987.7251420155735 1107.743581356449
991.9314133696406 1106.187109275668
995.7683895762144 1104.810214363652
999.1626737513666 1103.553291349108
1002.1792830150081 1102.3508655704811
1004.9612514403163 1101.2400646674334
1007.4665309368295 1100.0375582108536
1009.6801660280652 1098.628252350859
1011.6328780313953 1097.0847482383492
1013.3429451740003 1095.3897406508477
1014.7886262813106 1093.6639283925008
1015.946471127103 1092.0503706564675
1016.814667552827 1090.6171897488691
1017.3828385782006 1089.4976106547838
1017.5931273227307 1088.7780035081983
1017.4777246780128 1088.3223583339734
1017.2166286356052 1088.0101305809121
1016.800259339196 1087.8974630147613
1016.2823426062273 1087.9793865250551
1015.8639255656556 1088.2405043072242
1015.545201757853 1088.506366336756
1015.1391815328434 1088.7814987468519
1014.5802997217822 1089.2393547992178
1013.9548723847947 1089.8827191518574
1013.4294839021546 1090.669953831458
1013.0699741961616 1091.506712091895
1012.7846871106753 1092.2339166708487
1012.44252004133 1092.8341060684988
1012.0392593965042 1093.298650848469
1011.7711625707879 1093.7253180501116
1011.7178683130209 1094.2335103814885
1011.8383338043188 1094.662561810574
1012.0590339811721 1095.0577299729764
1012.2597347521056 1095.4752632346617
1012.4115594151632 1095.943131094644
1012.5060611533505 1096.4560266176136
1012.5652433725058 1096.789296243614
1012.6282293769277 1096.8259500796746
1012.738563014397 1096.5715597923215
1013.0859134292059 1095.9848902253027
1013.6889609815096 1095.2016940867015
1014.4229596621691 1094.4912765077518
1015.2695758754483 1093.8558713201357
1016.2905279322842 1093.268364847904
1017.4721174790582 1092.6732614180569
1018.6897352411437 1092.1573035398367
1019.8584996738798 1091.840452597377
1020.9731081999685 1091.8705536087682
1022.0055641130723 1092.3562761632754
1022.9924445299723 1093.0075156276596
1024.0381977390198 1093.543193487895
1025.2137271975657 1094.0015092740098
1026.5492071753965 1094.4648161746716
1027.9585163308825 1094.8063745301317
1029.3821732286663 1095.2269845258493
1030.8058419787344 1095.8577812771593
1032.159337897203 1096.5692387958577
1033.4346880646208 1097.5414165360303
1034.628758205584 1098.8361870678893
1035.745345758721 1100.2614228358384
1036.7902439099164 1101.5603259767508
1037.7957231931598 1102.6069816848892
1038.8088461700086 1103.4088420331775
1039.7655106305783 1104.1213207355966
1040.6126052347918 1104.833848084838
1041.2208465915842 1105.5215421212004
1041.6460441890013 1106.0831670062666
1042.0385847073646 1106.3562895199607
1042.410917296029 1106.3150789994584
1042.640300277303 1106.242704461808
1042.618142528002 1106.2106213773213
1042.3015741358652 1105.9869042370165
1041.7060103132487 1105.6729342223805
1041.0264784880562 1105.4599939080072
1040.3174852634847 1105.127906838279
1039.5899104003502 1104.5786015069832
1038.9970995977194 1104.0321013521711
