3840.0 2160.0 25.0
person 1362 954 532 1217
person 1387 942 526 1226
person 1421 924 520 1285
person 1484 935 466 1246
person 1494 916 468 1273
person 1478 949 509 1210
person 1520 954 566 1223
person 1540 915 537 1305
person 1564 886 504 1370
person 1572 950 498 1253
person 1586 1014 470 1165
person 1577 959 480 1236
person 1585 964 469 1240
person 1591 925 471 1319
person 1564 950 522 1295
person 1585 956 523 1270
person 1622 949 514 1259
person 1658 934 499 1275
person 1663 927 497 1282
person 1663 933 498 1261
person 1666 951 497 1230
person 1667 965 507 1202
person 1686 964 499 1201
person 1689 954 498 1211
person 1705 956 480 1210
person 1714 948 465 1242
person 1722 955 473 1242
person 1739 961 461 1222
person 1749 936 455 1273
person 1744 955 471 1228
person 1754 955 469 1223
person 1748 967 484 1207
person 1762 966 478 1214
person 1773 961 476 1232
person 1773 956 491 1240
person 1767 993 526 1184
person 1766 983 547 1195
person 1753 1005 578 1149
person 1729 1007 629 1161
person 1775 987 621 1197
person 1792 948 590 1257
person 1793 951 594 1270
person 1801 928 583 1315
person 1828 908 557 1340
person 1866 913 522 1329
person 1887 937 523 1297
person 1929 951 523 1273
person 1955 973 556 1232
person 1989 936 547 1295
person 2032 934 509 1271
person 2059 962 502 1232
person 2084 974 490 1188
person 2088 984 503 1170
person 2156 916 472 1318
person 2175 931 470 1294
person 2201 940 465 1276
person 2214 937 486 1285
person 2266 952 494 1240
person 2295 959 481 1230
person 2330 948 468 1247
person 2357 959 453 1246
person 2393 956 442 1253
person 2368 1000 500 1163
person 2417 1041 546 1108
person 2436 1040 539 1109
person 2494 1003 488 1195
person 2528 983 472 1213
person 2571 957 496 1244
person 2587 947 534 1260
person 2630 953 505 1256
person 2633 986 541 1183
person 2638 1003 567 1155
person 2702 924 572 1307
person 2729 915 533 1346
person 2789 941 496 1314
person 2806 961 516 1280
person 2837 999 537 1209
person 2842 972 560 1265
person 2889 947 526 1283
person 2911 958 526 1242
person 2905 948 555 1240
person 2932 960 548 1214
person 2932 920 574 1317
person 2934 950 595 1282
person 2977 963 589 1234
person 3025 978 538 1235
person 3041 967 566 1233
person 3079 991 506 1191
person 3097 1023 521 1131
person 3134 1053 505 1089
person 3130 1030 545 1114
person 3131 1023 550 1115
person 3118 1002 580 1150
person 3153 988 551 1165
person 3193 983 527 1170
person 3230 975 501 1178
person 3219 910 547 1324
person 3239 861 527 1421
person 3251 911 524 1326
person 3253 955 541 1243
person 3322 972 479 1218
person 3327 990 489 1183
person 3346 1013 469 1140
person 3353 985 463 1189
person 3377 1001 452 1149
person 3397 996 442 1161
person 3405 972 420 1223
person 3408 975 419 1208
person 3478 972 371 1179
person 3494 954 361 1236
person 3501 938 355 1288
person 3510 929 340 1299
person 3502 943 356 1278
person 3502 946 353 1273
person 3510 955 340 1266
lost 3510 955 340 1266
lost 3510 955 340 1266
lost 3510 955 340 1266
lost 3510 955 340 1266
lost 3510 955 340 1266
lost 3510 955 340 1266
lost 3510 955 340 1266
lost 3510 955 340 1266
lost 3510 955 340 1266
person 3514 1031 326 1175
person 3514 1024 326 1194
person 3510 1027 331 1192
person 3504 999 337 1240
person 3501 1007 338 1228
person 3499 1007 337 1227
lost 3499 1007 337 1227
person 3498 1024 336 1184
person 3494 1033 344 1169
person 3500 1023 335 1186
person 3496 1045 336 1149
person 3495 1035 340 1183
person 3487 1042 349 1179
person 3489 1033 349 1198
person 3486 1046 351 1162
lost 3486 1046 351 1162
lost 3486 1046 351 1162
lost 3486 1046 351 1162
lost 3486 1046 351 1162
lost 3486 1046 351 1162
lost 3486 1046 351 1162
lost 3486 1046 351 1162
lost 3486 1046 351 1162
lost 3486 1046 351 1162
lost 3486 1046 351 1162
lost 3486 1046 351 1162
lost 3486 1046 351 1162
lost 3486 1046 351 1162
lost 3486 1046 351 1162
lost 3486 1046 351 1162
lost 3486 1046 351 1162
lost 3486 1046 351 1162
lost 3486 1046 351 1162
lost 3486 1046 351 1162
lost 3486 1046 351 1162
lost 3486 1046 351 1162
lost 3486 1046 351 1162
lost 3486 1046 351 1162
lost 3486 1046 351 1162
lost 3486 1046 351 1162
lost 3486 1046 351 1162
lost 3486 1046 351 1162
lost 3486 1046 351 1162
lost 3486 1046 351 1162
lost 3486 1046 351 1162
person 3403 984 421 1218
person 3402 942 421 1273
lost 3402 942 421 1273
person 3403 953 420 1260
person 3397 938 419 1273
person 3416 948 401 1261
person 3421 968 391 1227
person 3407 990 408 1186
person 3407 1015 408 1149
person 3399 1032 421 1113
person 3395 1007 420 1154
person 3405 1023 406 1146
person 3400 994 413 1185
person 3390 1021 420 1149
person 3384 992 420 1196
person 3386 991 424 1182
person 3370 991 443 1194
person 3370 953 438 1277
person 3368 917 423 1340
person 3351 904 453 1366
person 3339 878 476 1402
person 3332 870 484 1415
person 3339 904 469 1348
person 3340 924 466 1320
person 3338 941 474 1277
person 3333 988 477 1193
person 3263 980 501 1210
person 3265 960 492 1234
person 3268 916 488 1309
person 3266 865 474 1388
person 3249 902 505 1326
person 3233 925 514 1294
person 3212 909 500 1330
person 3201 922 516 1298
person 3233 980 507 1172
person 3192 978 554 1180
person 3156 996 597 1136
person 3148 1018 580 1105
person 3129 989 582 1157
person 3122 993 588 1143
person 3133 987 559 1162
person 3126 988 552 1171
person 3118 1007 535 1139
person 3097 1010 537 1147
person 3074 995 522 1182
person 3036 964 537 1229
person 3011 980 565 1215
person 2997 969 555 1218
person 2921 975 610 1267
person 2902 963 607 1251
person 2897 944 577 1251
person 2911 917 546 1302
person 2883 934 558 1274
person 2874 931 553 1281
person 2837 960 606 1236
person 2825 971 599 1243
person 2825 994 582 1207
person 2793 979 556 1209
person 2732 961 557 1252
person 2582 985 671 1181
person 2605 1017 617 1127
person 2593 954 565 1237
person 2558 951 597 1248
person 2536 976 574 1215
person 2553 997 519 1170
person 2506 987 538 1174
person 2412 987 630 1153
person 2412 989 604 1150
person 2294 957 641 1195
person 2282 951 606 1231
person 2282 994 585 1159
person 2250 995 555 1158
person 2286 976 516 1188
person 2232 1014 534 1135
person 2199 1001 525 1175
person 2148 1002 532 1155
person 2002 1005 630 1106
person 2018 974 575 1166
person 1994 977 573 1169
person 1950 1004 581 1135
person 1941 981 544 1183
person 1918 938 492 1251
person 1893 987 476 1157
person 1888 974 455 1168
person 1749 1019 561 1113
person 1767 984 511 1184
person 1780 997 488 1151
person 1766 982 495 1173
person 1762 974 450 1239
person 1711 983 467 1216
person 1689 949 435 1272
person 1633 961 455 1248
person 1615 951 454 1244
person 1599 931 470 1272
person 1584 940 456 1241
person 1553 963 486 1187
person 1489 972 497 1165
person 1480 954 487 1226
person 1455 935 494 1243
person 1432 934 480 1258
person 1409 962 468 1214
person 1368 960 480 1226
person 1332 968 499 1226
person 1308 946 501 1256
person 1291 945 543 1240
person 1259 971 544 1200
person 1221 974 585 1184
person 1195 1022 611 1094
person 1229 979 526 1184
person 1169 983 560 1164
person 1170 991 553 1154
person 1176 974 532 1176
person 1173 966 530 1194
person 1176 951 525 1219
person 1167 961 540 1194
person 1162 959 546 1196
person 1161 962 552 1192
person 1168 953 542 1210
person 1166 949 542 1213
person 1165 944 541 1224
person 1173 957 538 1202
person 1173 966 531 1180
person 1166 972 534 1178
person 1154 991 552 1151
person 1153 986 584 1175
person 1158 984 581 1179
person 1160 989 581 1168
person 1162 975 577 1186
person 1167 961 570 1214
person 1245 954 499 1216
person 1182 958 549 1220
person 1177 966 555 1207
person 1182 983 552 1173
person 1248 943 499 1243
person 1249 920 493 1281
person 1253 904 488 1306
person 1259 897 479 1316
person 1258 906 475 1303
person 1255 905 482 1309
person 1254 906 484 1308
person 1255 897 486 1321
person 1258 891 478 1331
person 1258 889 480 1338
person 1252 908 491 1302
person 1253 904 489 1308
person 1224 936 559 1251
person 1222 932 559 1265
person 1219 926 568 1268
person 1214 936 570 1251
person 1215 938 571 1246
person 1219 939 560 1244
person 1218 948 562 1232
person 1221 951 557 1229
person 1220 950 558 1232
person 1219 952 561 1228
person 1258 894 486 1335
person 1258 907 487 1307
person 1254 907 491 1303
person 1255 912 490 1296
person 1255 916 490 1293
person 1257 919 486 1287
person 1258 918 481 1292
person 1263 900 474 1332
person 1261 898 481 1332
person 1261 898 481 1336
person 1258 902 482 1329
person 1255 908 485 1314
person 1254 913 493 1309
person 1259 896 488 1338
person 1253 907 500 1322
person 1249 917 504 1304
person 1254 913 493 1304
person 1254 914 494 1305
person 1220 953 561 1231
person 1257 920 485 1299
person 1254 920 492 1297
person 1258 920 482 1296
person 1257 907 487 1320
person 1256 910 486 1315
person 1252 925 497 1287
person 1255 925 493 1286
person 1251 924 503 1290
person 1250 929 505 1283
person 1259 923 487 1290
person 1254 923 494 1289
person 1256 920 490 1296
person 1254 929 496 1280
person 1251 933 499 1271
person 1254 929 494 1279
person 1255 925 489 1287
person 1256 923 489 1290
person 1256 913 482 1310
person 1260 907 475 1322
person 1220 964 561 1217
person 1217 966 568 1210
person 1218 960 566 1217
person 1215 966 573 1211
person 1218 966 568 1212
person 1218 968 570 1206
person 1219 965 570 1209
person 1219 962 571 1220
person 1214 966 582 1215
person 1218 964 573 1217
person 1221 966 573 1219
person 1220 961 568 1230
person 1221 965 568 1223
person 1221 957 569 1234
person 1219 961 571 1219
person 1216 966 575 1213
person 1219 963 569 1218
person 1219 965 568 1216
person 1219 961 566 1224
person 1219 959 568 1227
person 1219 962 570 1220
person 1221 958 566 1225
person 1216 958 578 1226
person 1218 956 576 1232
person 1218 960 575 1227
person 1222 955 567 1230
person 1220 955 568 1232
person 1221 953 566 1234
person 1223 959 563 1226
person 1224 959 557 1228
person 1223 955 560 1235
person 1224 954 559 1237
person 1224 955 560 1238
person 1221 955 562 1231
person 1259 902 480 1329
person 1223 953 561 1241
person 1221 955 563 1234
person 1258 907 481 1319
person 1261 891 476 1345
person 1225 945 560 1250
person 1225 949 556 1244
person 1218 958 571 1230
person 1261 900 482 1336
person 1257 907 487 1324
person 1259 902 481 1331
person 1222 959 558 1227
person 1224 949 559 1248
person 1261 898 478 1339
person 1263 904 472 1328
person 1263 912 471 1315
person 1268 909 466 1317
person 1267 902 466 1330
person 1267 904 471 1329
person 1261 899 485 1334
person 1264 889 481 1349
person 1264 898 477 1334
person 1230 962 555 1226
person 1264 898 477 1329
person 1265 902 473 1329
person 1269 899 466 1332
person 1267 909 465 1316
person 1270 906 461 1322
person 1271 903 463 1331
person 1268 901 466 1331
person 1234 944 548 1255
person 1270 887 470 1358
person 1273 889 464 1357
person 1272 888 465 1361
person 1273 894 464 1354
person 1271 893 467 1354
person 1269 899 468 1342
person 1232 941 549 1266
person 1271 898 467 1346
person 1274 890 469 1353
person 1275 895 462 1347
person 1274 897 459 1343
person 1273 889 465 1361
person 1278 888 464 1365
person 1282 910 458 1334
person 1277 918 465 1316
person 1274 906 467 1336
person 1273 913 473 1330
person 1269 915 479 1325
person 1272 915 479 1333
person 1274 904 477 1349
person 1275 905 473 1346
person 1276 907 476 1340
person 1280 909 469 1340
person 1282 908 463 1343
person 1286 909 461 1343
person 1285 927 460 1312
person 1283 922 467 1310
person 1285 935 469 1293
person 1290 933 460 1300
person 1257 949 530 1261
person 1257 955 526 1248
person 1298 920 449 1321
person 1296 915 450 1331
person 1296 912 447 1329
person 1260 937 517 1275
person 1261 943 514 1267
person 1294 922 451 1304
person 1295 920 453 1311
person 1296 930 451 1294
person 1299 941 448 1273
person 1258 968 522 1221
person 1301 939 444 1280
person 1301 935 438 1287
person 1304 931 440 1288
person 1305 931 445 1286
person 1298 938 462 1274
person 1303 935 463 1282
person 1305 946 455 1260
person 1301 926 452 1285
person 1273 961 512 1221
person 1273 964 513 1218
person 1309 935 443 1271
person 1315 926 439 1289
person 1278 952 504 1245
person 1285 951 493 1248
person 1280 952 506 1245
person 1287 940 510 1268
person 1279 931 521 1284
person 1276 940 523 1266
person 1280 945 521 1258
person 1284 943 519 1262
person 1308 940 466 1268
person 1306 941 468 1263
person 1283 944 532 1258
person 1311 934 476 1274
person 1307 941 481 1257
person 1309 940 484 1254
person 1309 942 492 1244
person 1285 928 549 1288
person 1317 945 473 1246
person 1296 938 535 1269
person 1325 965 477 1220
person 1325 954 478 1235
person 1318 952 488 1239
person 1322 959 484 1229
person 1321 961 490 1220
person 1327 955 477 1233
person 1323 973 475 1206
person 1319 964 486 1219
person 1312 957 489 1227
person 1298 925 538 1295
person 1321 955 491 1229
person 1316 951 488 1234
person 1304 917 538 1310
person 1307 918 536 1303
person 1338 975 504 1200
person 1319 955 517 1230
person 1319 960 518 1218
person 1328 969 509 1210
person 1336 969 499 1213
person 1327 969 511 1211
person 1330 968 507 1219
person 1335 965 492 1223
person 1308 950 514 1247
person 1318 953 502 1232
person 1326 941 490 1253
person 1318 959 491 1231
person 1321 959 492 1220
person 1321 951 490 1233
person 1323 958 481 1219
person 1326 971 489 1213
person 1328 974 501 1212
person 1324 976 515 1200
person 1321 965 526 1220
person 1343 967 524 1203
person 1331 984 536 1170
person 1354 981 517 1178
person 1379 990 511 1161
person 1404 978 512 1185
person 1402 972 499 1205
person 1421 961 486 1225
person 1496 972 448 1197
person 1453 958 505 1241
person 1456 956 534 1243
person 1468 932 524 1279
person 1476 939 525 1268
person 1501 995 470 1166
person 1481 993 523 1188
person 1490 1010 514 1176
person 1514 997 567 1191
person 1507 995 577 1193
person 1518 986 556 1210
person 1520 979 550 1214
person 1523 984 550 1213
person 1524 983 546 1210
person 1525 983 544 1222
person 1525 978 546 1228
person 1543 966 508 1242
person 1545 957 505 1254
person 1530 981 538 1218
person 1530 973 545 1230
person 1524 976 549 1222
person 1530 983 540 1210
person 1527 986 540 1200
person 1532 978 532 1214
person 1548 958 506 1247
person 1551 948 500 1272
person 1541 959 523 1259
person 1549 957 500 1255
person 1552 958 495 1259
person 1551 960 502 1260
person 1547 959 507 1254
person 1548 957 512 1260
person 1548 942 507 1280
person 1551 941 510 1278
person 1547 954 515 1261
person 1549 942 512 1278
person 1548 952 518 1262
person 1555 953 511 1266
person 1549 937 514 1288
person 1555 951 504 1266
person 1553 970 511 1205
person 1556 969 505 1214
person 1562 959 495 1234
person 1562 954 494 1246
person 1561 962 496 1232
person 1558 983 506 1196
person 1559 962 506 1237
person 1561 964 503 1233
person 1562 956 497 1247
person 1559 970 498 1216
person 1558 970 496 1234
person 1557 969 508 1222
person 1561 964 502 1242
person 1557 958 505 1247
person 1552 978 510 1226
person 1551 969 511 1238
person 1546 950 522 1265
person 1545 958 513 1242
person 1554 968 502 1235
person 1553 967 502 1235
person 1566 986 505 1217
person 1572 973 497 1242
person 1573 972 495 1229
person 1587 955 471 1255
person 1606 948 455 1272
person 1616 954 461 1267
person 1628 961 457 1248
person 1614 957 473 1262
person 1639 945 457 1275
person 1640 956 464 1263
person 1649 965 468 1242
person 1648 983 477 1224
person 1665 1000 475 1192
person 1670 994 480 1206
person 1671 997 500 1189
person 1669 1001 502 1195
person 1678 1004 506 1178
person 1666 1016 535 1162
person 1673 1005 526 1182
person 1677 1008 527 1171
person 1674 1019 528 1153
person 1671 1015 538 1165
person 1662 1021 563 1152
person 1670 1021 546 1154
person 1674 1016 541 1156
person 1666 1018 540 1153
person 1676 1006 532 1179
person 1693 1006 527 1177
person 1681 999 527 1181
person 1678 1001 523 1186
person 1697 1007 506 1180
person 1702 998 500 1190
person 1711 994 495 1193
person 1709 990 498 1203
person 1714 981 495 1218
person 1715 982 496 1215
person 1712 981 497 1213
person 1716 978 490 1211
person 1707 980 496 1214
person 1710 970 500 1241
person 1707 971 493 1239
person 1705 968 496 1239
person 1711 959 492 1247
person 1712 965 493 1233
person 1718 969 493 1228
person 1723 963 495 1244
person 1727 959 484 1247
person 1726 957 475 1253
person 1697 991 501 1204
person 1696 986 504 1213
person 1714 958 493 1251
person 1715 962 488 1248
person 1719 957 488 1251
person 1718 956 488 1254
person 1697 964 508 1244
person 1726 952 489 1247
person 1730 952 494 1242
person 1723 955 505 1240
person 1732 954 497 1244
person 1729 958 497 1237
person 1717 968 508 1229
person 1724 970 503 1225
person 1739 966 493 1225
person 1736 976 508 1206
person 1737 976 498 1207
person 1739 971 493 1217
person 1734 971 498 1219
person 1734 971 504 1220
person 1734 968 504 1218
person 1740 976 491 1206
person 1720 984 500 1206
person 1690 1002 528 1181
person 1732 981 502 1208
person 1729 989 495 1196
person 1720 1008 496 1170
person 1722 1011 501 1163
person 1715 1005 517 1166
person 1673 1015 552 1154
person 1673 1013 549 1160
person 1659 1016 541 1155
person 1657 1009 527 1156
person 1653 1007 500 1177
person 1640 1002 505 1178
person 1630 970 485 1239
person 1610 988 483 1234
person 1609 979 464 1254
person 1559 983 516 1212
person 1553 1004 505 1190
person 1550 986 502 1242
person 1547 1029 505 1165
person 1494 1025 481 1121
person 1492 1029 470 1114
person 1482 1033 466 1108
person 1482 1028 458 1106
person 1481 1035 450 1104
person 1432 1053 470 1090
person 1403 1053 479 1096
person 1387 1049 478 1106
person 1360 1029 473 1135
person 1355 1033 489 1130
person 1362 1047 479 1111
person 1357 1074 477 1079
person 1364 1055 470 1107
person 1361 1047 477 1118
person 1350 1055 482 1114
person 1359 1048 468 1131
person 1357 1043 463 1139
person 1345 1039 469 1145
person 1348 1042 467 1126
person 1355 1058 464 1105
person 1345 1077 477 1085
person 1345 1086 481 1078
person 1353 1061 468 1112
person 1349 1063 465 1116
person 1351 1073 480 1092
person 1354 1075 486 1088
person 1349 1088 490 1073
person 1343 1082 492 1081
person 1337 1078 493 1080
person 1332 1086 500 1066
person 1324 1084 500 1062
person 1325 1071 491 1090
person 1324 1071 486 1089
person 1324 1077 491 1085
person 1321 1081 495 1075
person 1326 1079 492 1079
person 1321 1073 494 1083
person 1324 1071 493 1087
person 1324 1069 490 1092
person 1327 1064 485 1088
person 1326 1067 492 1084
person 1326 1066 489 1080
person 1325 1061 490 1085
person 1327 1065 489 1081
person 1323 1069 493 1077
person 1316 1080 507 1062
person 1325 1076 500 1072
person 1332 1070 496 1084
person 1331 1071 501 1076
person 1333 1085 499 1064
person 1331 1081 504 1061
person 1332 1067 499 1083
person 1330 1063 494 1080
person 1328 1069 492 1081
person 1330 1060 492 1083
person 1336 1063 490 1078
person 1329 1065 497 1070
person 1343 1076 485 1060
person 1344 1075 484 1065
person 1344 1084 489 1047
person 1342 1084 484 1052
person 1335 1094 493 1037
person 1339 1091 497 1033
person 1341 1091 491 1039
person 1352 1097 481 1028
person 1348 1095 483 1031
person 1338 1097 492 1022
person 1340 1098 490 1022
person 1341 1095 502 1024
person 1338 1099 500 1019
person 1342 1105 495 1013
person 1341 1100 492 1026
person 1337 1110 497 1008
person 1334 1109 497 1006
person 1345 1118 489 999
person 1341 1120 489 1001
person 1343 1117 491 1002
person 1349 1111 490 1007
person 1353 1115 494 1000
person 1343 1113 502 1006
person 1345 1124 501 1001
person 1347 1122 503 994
person 1347 1115 500 1002
person 1355 1110 493 1009
person 1357 1117 500 996
person 1353 1126 511 981
person 1350 1124 509 980
person 1357 1120 504 987
person 1355 1122 500 993
person 1364 1119 497 998
person 1360 1108 500 1012
person 1367 1107 496 1009
person 1363 1117 496 1003
person 1364 1112 493 1006
person 1366 1115 484 1004
person 1363 1104 491 1020
person 1369 1109 491 1004
person 1369 1108 498 1005
person 1365 1111 506 1003
person 1367 1101 499 1019
person 1369 1110 499 1015
person 1369 1109 497 1022
person 1369 1103 503 1034
person 1375 1108 495 1028
person 1375 1108 493 1030
person 1377 1114 496 1025
person 1375 1118 499 1012
person 1370 1118 504 1003
person 1372 1105 502 1012
person 1369 1114 511 997
person 1373 1121 521 978
person 1374 1108 515 991
person 1379 1105 511 1001
person 1387 1112 496 1002
person 1387 1122 502 988
person 1398 1099 499 1001
person 1393 1113 500 991
person 1385 1112 515 977
person 1421 1096 494 996
person 1424 1091 495 1010
person 1404 1118 518 996
person 1426 1107 494 1002
person 1438 1097 484 1018
person 1417 1114 502 1003
person 1460 1103 485 1000
person 1470 1107 480 979
person 1465 1106 486 978
person 1476 1128 486 955
person 1479 1092 482 1008
person 1474 1106 489 988
person 1473 1106 486 985
person 1460 1089 494 1045
person 1450 1087 522 1061
person 1469 1110 497 986
person 1466 1112 502 984
person 1474 1115 495 994
person 1474 1094 502 1064
person 1476 1112 502 1037
person 1475 1108 512 1032
person 1477 1104 519 1058
person 1477 1103 521 1048
person 1476 1099 521 1064
person 1482 1106 513 1046
person 1488 1109 510 1035
person 1486 1123 520 1017
person 1477 1110 541 1038
person 1475 1110 543 1023
person 1546 1097 511 1082
person 1544 1104 507 1073
person 1537 1104 522 1071
person 1531 1088 526 1078
person 1539 1090 512 1069
person 1539 1092 516 1060
person 1544 1090 508 1069
person 1539 1077 520 1099
person 1536 1078 520 1097
person 1539 1087 523 1099
person 1539 1088 517 1082
person 1536 1084 517 1080
person 1538 1080 521 1083
person 1533 1088 524 1075
person 1535 1081 518 1078
person 1535 1084 521 1086
person 1538 1085 522 1091
person 1535 1089 530 1084
person 1540 1097 522 1072
person 1540 1099 524 1072
person 1542 1106 521 1066
person 1539 1115 535 1060
person 1543 1115 532 1065
person 1545 1104 512 1075
person 1548 1086 505 1101
person 1559 1093 500 1095
person 1563 1097 500 1084
person 1564 1097 502 1084
person 1559 1097 507 1077
person 1564 1108 504 1066
person 1567 1106 495 1069
person 1563 1108 502 1065
person 1567 1107 505 1067
person 1569 1109 500 1066
person 1571 1106 493 1055
person 1578 1108 492 1053
person 1573 1114 507 1056
person 1580 1099 489 1066
person 1593 1106 482 1064
person 1589 1113 486 1054
person 1587 1111 486 1054
person 1581 1118 493 1049
person 1586 1122 493 1039
person 1553 1102 525 1065
person 1551 1090 532 1090
person 1548 1079 546 1105
person 1558 1072 539 1102
person 1600 1093 477 1070
person 1595 1093 480 1072
person 1601 1099 487 1061
person 1606 1086 476 1079
person 1606 1092 476 1068
person 1583 1064 524 1123
person 1611 1093 485 1065
person 1621 1115 481 1044
person 1620 1114 482 1049
person 1618 1123 475 1037
person 1611 1125 482 1037
person 1601 1063 520 1135
person 1618 1106 480 1061
person 1599 1068 524 1136
person 1618 1128 485 1037
person 1617 1139 488 1020
person 1611 1139 493 1014
person 1616 1145 492 1003
person 1606 1144 500 1005
person 1603 1146 505 998
person 1609 1138 502 1010
person 1602 1137 505 1013
person 1601 1135 508 1018
person 1600 1139 511 1014
person 1595 1128 516 1017
person 1604 1124 515 1013
person 1609 1127 519 1014
person 1615 1136 509 1008
person 1624 1138 512 1004
person 1620 1124 511 1021
person 1625 1117 510 1036
person 1616 1100 515 1046
person 1619 1115 523 1028
person 1619 1121 526 1026
person 1614 1129 527 1025
person 1612 1122 529 1031
person 1614 1133 532 1022
person 1616 1126 532 1028
person 1619 1131 531 1027
person 1622 1127 529 1030
person 1625 1138 537 1017
person 1619 1125 536 1024
person 1610 1115 539 1029
person 1619 1116 539 1030
person 1621 1113 536 1034
person 1621 1118 532 1030
person 1628 1112 527 1039
person 1629 1114 532 1029
person 1630 1102 534 1035
person 1633 1113 531 1032
person 1634 1114 534 1032
person 1636 1118 528 1034
person 1634 1120 534 1027
person 1636 1122 530 1027
person 1631 1109 543 1042
person 1633 1123 547 1027
person 1636 1134 555 1016
person 1637 1132 550 1017
person 1638 1129 557 1012
person 1640 1136 550 1004
person 1637 1137 556 1005
person 1642 1154 554 988
person 1640 1155 558 985
person 1637 1149 560 994
person 1635 1147 564 993
person 1637 1143 560 1001
person 1638 1153 558 997
person 1637 1159 561 988
person 1638 1155 554 995
person 1636 1150 558 1005
person 1637 1154 558 992
person 1638 1150 550 998
person 1640 1153 550 997
person 1641 1154 554 994
person 1638 1135 550 1003
person 1636 1133 547 1015
person 1639 1125 550 1022
person 1639 1123 558 1022
person 1638 1139 562 1006
person 1639 1136 563 1011
person 1639 1140 554 1008
person 1638 1136 555 1002
person 1636 1137 553 1014
person 1642 1152 550 1002
person 1639 1158 560 996
person 1643 1158 553 1003
person 1643 1152 553 1016
person 1639 1156 564 1003
person 1632 1157 568 999
person 1628 1157 564 996
person 1629 1155 579 988
person 1628 1145 564 1004
person 1628 1140 568 1005
person 1626 1143 572 1003
person 1627 1149 565 995
person 1629 1153 565 998
person 1612 1134 554 1015
person 1610 1146 574 1011
person 1605 1124 564 1035
person 1590 1117 562 1031
person 1585 1115 538 1056
person 1580 1106 546 1055
person 1571 1115 555 1052
person 1572 1093 524 1081
person 1568 1085 510 1085
person 1552 1100 521 1069
person 1546 1095 519 1089
person 1529 1137 531 1020
person 1550 1134 494 1039
person 1491 1148 496 965
person 1482 1140 502 988
person 1459 1148 473 966
person 1449 1133 472 988
person 1426 1148 482 968
person 1415 1131 483 994
person 1385 1167 479 948
person 1379 1163 475 960
person 1362 1157 487 968
person 1367 1168 478 960
person 1369 1157 488 976
person 1372 1158 485 973
person 1361 1163 492 971
person 1355 1167 492 968
person 1366 1170 492 960
person 1370 1184 496 936
person 1366 1194 499 924
person 1364 1201 498 917
person 1362 1194 496 927
person 1367 1189 487 933
person 1368 1189 484 937
person 1372 1193 479 929
person 1371 1193 478 926
person 1371 1201 483 918
person 1370 1211 491 904
person 1367 1207 492 909
person 1368 1205 488 908
person 1369 1201 485 918
person 1371 1197 483 922
person 1362 1205 500 911
person 1362 1206 508 910
person 1362 1204 507 908
person 1363 1202 503 916
person 1364 1199 494 921
person 1363 1199 503 920
person 1362 1197 498 923
person 1365 1197 493 922
person 1361 1199 497 923
person 1362 1197 500 920
person 1357 1190 492 929
person 1356 1195 493 917
person 1358 1200 491 909
person 1358 1197 494 914
person 1356 1196 495 914
person 1355 1199 496 914
person 1358 1198 490 917
person 1360 1196 485 919
person 1362 1194 485 921
person 1367 1204 494 907
person 1370 1197 486 917
person 1372 1192 487 922
person 1369 1193 490 926
person 1372 1194 490 921
person 1370 1193 499 919
person 1368 1188 494 926
person 1367 1185 500 930
person 1363 1180 495 939
person 1366 1184 499 931
person 1364 1189 504 929
person 1365 1193 506 921
person 1365 1189 502 927
person 1364 1188 499 929
person 1366 1190 501 926
person 1364 1195 511 918
person 1362 1201 510 913
person 1361 1207 512 907
person 1363 1198 502 918
person 1360 1193 512 926
person 1364 1189 504 928
person 1359 1185 511 932
person 1363 1181 504 938
person 1363 1189 508 927
person 1360 1193 510 917
person 1356 1193 521 914
person 1348 1207 537 894
person 1350 1202 526 904
person 1344 1207 535 894
person 1350 1215 526 888
person 1359 1195 519 904
person 1366 1190 505 912
person 1364 1195 508 910
person 1377 1184 490 924
person 1380 1184 488 915
person 1383 1181 483 921
person 1391 1187 480 913
person 1395 1191 482 900
person 1400 1186 478 914
person 1403 1175 483 935
person 1397 1177 488 938
person 1404 1180 490 938
person 1425 1176 471 946
person 1423 1183 469 933
person 1425 1184 466 933
person 1427 1192 474 914
person 1441 1185 469 925
person 1428 1189 479 916
person 1425 1191 486 912
person 1438 1178 473 932
person 1462 1179 448 936
person 1447 1176 457 946
person 1435 1186 464 932
person 1440 1185 468 929
person 1437 1183 461 927
person 1450 1181 473 936
person 1459 1180 462 946
person 1451 1189 476 932
person 1472 1174 456 952
person 1483 1194 459 930
person 1466 1185 468 928
person 1484 1184 458 940
person 1487 1186 460 944
person 1488 1174 457 968
person 1478 1186 469 947
person 1483 1195 469 931
person 1495 1188 451 944
person 1494 1193 454 939
person 1490 1209 466 919
person 1490 1209 468 927
person 1486 1215 503 966
person 1507 1213 465 914
person 1506 1203 467 933
person 1503 1215 471 912
person 1508 1222 475 918
person 1505 1220 482 916
person 1541 1212 489 952
person 1515 1223 474 928
person 1547 1206 479 967
person 1549 1173 494 993
person 1559 1169 486 1007
person 1569 1171 467 1008
person 1564 1162 478 1028
person 1568 1150 483 1037
person 1569 1166 486 1012
person 1578 1164 480 1012
person 1575 1170 485 1006
person 1582 1179 476 987
person 1568 1179 497 984
person 1576 1175 503 988
person 1587 1169 495 993
person 1577 1158 502 1012
person 1581 1159 506 1007
person 1577 1152 500 1015
person 1584 1151 493 1013
person 1589 1147 489 1016
person 1597 1152 485 1004
person 1588 1150 497 1007
person 1589 1140 483 1017
person 1589 1144 477 1015
person 1588 1154 488 1000
person 1586 1152 487 1010
person 1582 1148 489 1017
person 1587 1154 487 1006
person 1585 1151 481 1011
person 1585 1153 486 1012
person 1591 1158 486 1004
person 1590 1159 497 1003
person 1588 1158 492 1006
person 1583 1165 498 996
person 1587 1158 490 1010
person 1593 1160 485 998
person 1591 1158 496 1003
person 1589 1165 499 988
person 1597 1162 500 993
person 1594 1160 509 998
person 1590 1159 507 1000
person 1588 1161 507 998
person 1593 1160 499 1000
person 1597 1165 502 993
person 1593 1169 501 990
person 1593 1174 505 984
person 1589 1175 505 981
person 1585 1170 505 986
person 1583 1166 503 992
person 1596 1174 505 981
person 1604 1173 495 980
person 1605 1187 502 961
person 1602 1193 507 954
person 1598 1185 505 968
person 1596 1182 512 974
person 1593 1188 515 968
person 1589 1195 519 948
person 1593 1199 518 942
person 1593 1198 525 942
person 1598 1189 526 954
person 1593 1186 522 956
person 1587 1193 532 950
person 1592 1195 530 947
person 1594 1191 527 951
person 1591 1187 532 963
person 1588 1177 537 973
person 1589 1181 534 967
person 1580 1183 542 960
person 1585 1189 543 955
person 1590 1194 541 947
person 1588 1193 553 951
person 1588 1194 541 948
person 1594 1198 543 946
person 1596 1187 546 964
person 1593 1185 547 966
person 1591 1186 550 964
person 1586 1186 561 962
person 1589 1193 559 954
person 1595 1194 555 953
person 1593 1191 553 955
person 1589 1190 558 961
person 1589 1190 560 963
person 1596 1185 557 974
person 1597 1187 556 963
person 1605 1189 543 957
person 1602 1186 551 963
person 1598 1192 558 957
person 1600 1189 555 960
person 1597 1185 562 972
person 1602 1186 554 967
person 1598 1192 555 960
person 1595 1191 557 964
person 1590 1190 563 970
person 1593 1194 563 962
person 1598 1185 561 977
person 1601 1189 557 966
person 1592 1198 570 953
person 1601 1193 564 961
person 1595 1188 563 964
person 1598 1186 564 969
person 1603 1192 574 961
person 1591 1200 577 953
person 1595 1198 577 957
person 1602 1194 571 963
person 1595 1188 586 972
person 1591 1190 585 968
person 1598 1185 569 982
person 1588 1184 583 978
person 1587 1181 579 982
person 1592 1182 579 986
person 1600 1185 576 975
person 1597 1185 571 979
person 1596 1182 574 979
person 1595 1176 573 991
person 1601 1180 569 982
person 1601 1176 567 986
person 1595 1181 578 975
person 1595 1177 583 981
person 1597 1176 588 980
person 1609 1184 582 965
person 1607 1182 579 970
person 1592 1180 591 982
person 1597 1181 594 981
person 1596 1184 592 981
person 1595 1181 593 985
person 1599 1187 591 972
person 1597 1184 598 977
person 1600 1185 585 977
person 1591 1185 598 972
person 1588 1187 606 974
person 1584 1188 613 971
person 1582 1191 599 968
person 1593 1199 592 954
person 1586 1202 601 948
person 1582 1185 598 972
person 1588 1205 609 937
person 1592 1191 583 954
person 1588 1188 604 963
person 1586 1181 595 978
person 1585 1157 559 1004
person 1581 1170 558 984
person 1583 1153 543 1017
person 1582 1150 523 1013
person 1586 1127 503 1036
person 1588 1130 489 1039
person 1586 1146 488 1015
person 1576 1143 493 1029
person 1563 1154 494 1013
person 1553 1180 488 983
person 1547 1198 487 965
person 1501 1193 463 938
person 1484 1185 455 951
person 1498 1157 434 993
person 1462 1181 454 948
person 1428 1174 469 939
person 1405 1179 459 942
person 1395 1197 473 915
person 1385 1190 474 923
person 1374 1212 480 902
person 1374 1203 485 922
person 1373 1209 483 908
person 1369 1212 490 908
person 1364 1213 496 900
person 1352 1218 501 893
person 1344 1216 492 907
person 1335 1226 494 888
person 1348 1233 481 882
person 1352 1227 493 894
person 1343 1221 491 906
person 1324 1217 495 908
person 1325 1219 490 904
person 1326 1217 491 907
person 1322 1220 493 905
person 1319 1217 495 916
person 1318 1225 507 910
person 1320 1227 500 903
person 1324 1225 499 906
person 1320 1227 505 902
person 1317 1228 503 902
person 1327 1228 493 896
person 1325 1225 493 901
person 1323 1225 500 904
person 1320 1223 499 902
person 1321 1226 495 899
person 1322 1226 493 898
person 1320 1219 501 907
person 1319 1217 498 908
person 1318 1211 495 917
person 1320 1208 498 922
person 1311 1211 505 915
person 1316 1208 499 919
person 1318 1208 493 915
person 1317 1211 491 916
person 1313 1212 497 916
person 1317 1221 500 901
person 1324 1215 491 908
person 1325 1215 491 905
person 1325 1229 490 884
person 1319 1225 496 887
person 1320 1226 491 883
person 1318 1220 493 891
person 1318 1217 486 891
person 1320 1221 480 891
person 1314 1225 491 889
person 1313 1225 492 893
person 1315 1218 500 907
person 1317 1217 493 902
person 1312 1213 495 910
person 1315 1212 493 906
person 1317 1213 496 903
person 1327 1219 495 894
person 1325 1213 497 906
person 1327 1218 496 896
person 1332 1211 489 902
person 1333 1219 479 894
person 1329 1220 493 892
person 1329 1230 494 881
person 1329 1223 492 886
person 1329 1230 497 876
person 1322 1224 507 887
person 1326 1224 501 891
person 1342 1238 487 866
person 1338 1234 492 872
person 1335 1241 495 865
person 1344 1226 488 882
person 1342 1225 490 884
person 1357 1228 484 883
person 1366 1228 489 879
person 1373 1220 485 887
person 1375 1221 483 885
person 1381 1209 472 904
person 1378 1190 473 934
person 1378 1194 488 923
person 1390 1187 471 934
person 1416 1176 452 952
person 1440 1167 450 966
person 1456 1136 463 984
person 1448 1109 469 1038
person 1465 1070 464 1074
person 1470 1012 472 1160
person 1477 992 469 1166
person 1474 987 478 1166
person 1470 977 479 1179
person 1473 961 467 1206
person 1474 948 460 1237
person 1461 959 480 1217
person 1439 945 475 1247
person 1421 934 480 1262
person 1408 928 485 1272
person 1394 940 484 1245
person 1392 936 480 1251
person 1366 964 500 1205
person 1352 974 493 1183
person 1339 963 476 1206
person 1330 969 480 1213
person 1323 966 488 1208
person 1321 985 484 1205
person 1300 990 495 1180
person 1280 996 504 1173
person 1266 966 512 1207
person 1245 980 538 1174
person 1252 985 515 1165
person 1252 1015 504 1126
person 1158 979 540 1162
person 1161 987 516 1159
person 1169 992 490 1175
person 1169 1013 490 1136
person 1165 981 474 1184
person 1151 1000 488 1149
person 1079 999 512 1146
person 1077 977 497 1186
person 1087 951 463 1236
person 1073 943 464 1244
person 1051 930 479 1261
person 1044 922 479 1267
person 1030 886 488 1355
person 1003 916 503 1298
person 973 911 522 1302
person 946 897 549 1310
person 924 939 578 1219
person 874 968 506 1038
person 823 930 607 1248
person 797 940 582 1224
person 759 949 606 1211
person 748 968 599 1181
person 726 955 593 1214
person 672 969 590 1184
person 628 971 609 1196
person 610 998 627 1148
person 552 955 590 1217
person 522 940 608 1248
person 473 895 650 1313
person 464 907 636 1300
person 459 913 627 1290
person 471 944 580 1228
person 482 920 563 1267
person 485 922 538 1263
person 480 927 548 1248
person 488 902 505 1298
person 479 918 524 1274
person 475 908 502 1290
person 452 896 520 1310
person 434 893 529 1320
person 428 893 548 1320
person 421 893 534 1326
person 426 884 533 1344
person 431 905 536 1306
person 426 913 545 1295
person 419 917 545 1290
person 415 921 550 1280
person 419 922 548 1278
person 417 938 565 1251
person 406 927 573 1267
person 419 912 550 1296
person 408 914 564 1295
person 416 898 548 1317
person 415 911 561 1289
person 403 915 570 1284
person 400 927 562 1271
person 367 953 608 1223
person 363 950 610 1224
person 341 942 637 1235
person 332 914 634 1284
person 330 916 639 1278
person 325 923 636 1260
person 304 934 663 1237
person 313 930 638 1251
person 311 942 636 1237
person 303 962 644 1195
person 301 962 644 1200
person 303 973 638 1174
person 306 972 640 1182
person 295 977 654 1177
person 290 991 664 1139
person 293 982 663 1148
person 295 969 655 1178
person 297 976 645 1159
person 306 946 624 1228
person 304 946 623 1229
person 245 976 641 1155
person 246 971 642 1160
person 235 981 655 1153
person 236 970 655 1181
person 229 980 660 1170
person 231 968 651 1184
person 233 969 649 1183
person 218 976 660 1184
person 215 978 651 1182
person 227 973 638 1188
person 208 976 660 1186
person 217 975 656 1196
person 220 970 646 1202
person 221 973 641 1204
person 219 959 637 1228
person 219 965 641 1218
person 225 950 637 1244
person 228 965 636 1216
person 225 958 642 1224
person 222 961 647 1212
person 225 961 649 1204
person 235 964 640 1194
person 231 964 639 1192
person 240 972 632 1173
person 234 976 646 1173
person 236 975 642 1178
person 230 978 650 1152
person 234 972 648 1157
person 245 971 639 1160
person 250 979 624 1147
person 318 940 602 1237
person 249 979 623 1141
person 249 976 625 1152
person 311 964 627 1188
person 320 974 620 1173
person 309 965 629 1187
person 311 958 625 1200
person 316 944 613 1221
person 313 950 623 1208
person 296 949 635 1223
person 295 937 643 1244
person 288 954 661 1219
person 295 946 646 1234
person 308 938 628 1236
person 309 943 622 1233
person 304 942 627 1235
person 305 937 629 1242
person 296 942 642 1229
person 300 941 636 1238
person 304 927 627 1253
person 299 929 639 1250
person 295 926 649 1259
person 304 927 635 1257
person 306 929 628 1252
person 311 934 618 1242
person 306 927 634 1251
person 298 930 650 1242
person 292 936 657 1230
