1628.0 1090.2857142857142
1628.2484655229764 1090.1308266869758
1629.2533840483607 1089.4903032790587
1631.5183737184686 1088.4366860351386
1635.152033374497 1086.992851081215
1639.8672095863126 1085.4947047085764
1646.1087810586464 1084.4507482930508
1654.1263248519642 1083.3161940759871
1663.4017528188774 1081.2977296774384
1673.5240485678319 1079.158823185789
1684.093405357683 1078.5739819049033
1694.7118925987895 1079.189831338116
1705.1207172971133 1080.0683203442247
1715.255594116162 1080.675135644725
1725.0270997965654 1080.925516929279
1734.5486044040645 1081.2892774523846
1744.2739212749705 1081.7092018430656
1754.5987416560142 1081.8830678910072
1765.4787043214087 1081.6038367264466
1776.5724117019267 1080.9948824558915
1787.6129842654948 1080.4640840310028
1798.4682523302656 1080.3985808003315
1809.1846750191862 1080.8278093788808
1819.7524628465962 1081.4660004677985
1830.0871713693862 1082.1477615994465
1840.1177228148822 1082.7670772552497
1849.8598850227675 1083.321767669922
1859.430480314838 1083.978951736782
1868.8624306240315 1084.4456619348919
1878.095453682652 1084.7087259119103
1887.1158104107171 1085.0463645064895
1895.896523107887 1085.5857046116944
1904.4516730222224 1086.3910675793516
1912.8849755493807 1087.2955772410996
1921.235687484349 1088.1277874217344
1929.5530250024885 1089.3068305241131
1937.8929290088363 1091.0275497274447
1946.1954662816727 1093.2680866856779
1954.3330360850646 1096.127508825738
1962.6634281010793 1099.140062653094
1971.4106829959505 1101.4545196747176
1980.3196870018276 1102.7815618125708
1989.2117008583077 1103.1015106586417
1998.0818699593797 1102.148404972149
2007.121438707135 1100.1155138502054
2016.5452667369764 1097.7123600275943
2026.7431007982145 1095.5616462175954
2038.2023398173822 1094.0933681721674
2051.1079947638073 1092.9396008117524
2065.364162394047 1091.569165746975
2080.8082617513837 1090.408588611546
2097.2402005480985 1089.9170362402072
2114.3497763786418 1090.1954631742183
2132.281853664135 1090.2696240101889
2151.175589327394 1089.5704746572776
2170.8105701508152 1088.6211492475204
2191.068323313199 1087.5801771333577
2212.2162531357526 1086.6528947160825
2234.3924953193837 1086.0989761745586
2257.390599970758 1085.7704875761606
2281.004091177752 1085.6227634841016
2305.0991787311127 1085.7030059898923
2329.384507056522 1086.4789910384393
2354.1336907246505 1088.801279809128
2379.6120790625946 1092.6759158236146
2405.594625148481 1097.1042153811977
2432.0121339978305 1101.1355332857668
2459.064049519962 1104.2146929842718
2486.9603898782016 1106.0935735961611
2515.5516698318493 1107.0168259183022
2544.561108886229 1107.7237307720923
2573.6657963544003 1108.8739162095403
2603.145288388395 1109.5056023862996
2633.037979676432 1108.681617575153
2663.126554789595 1107.0455665187799
2693.442505312989 1105.4257412939635
2724.0150926702595 1104.5837696887056
2754.730050766655 1104.4332570297956
2785.390939114245 1104.1413079976292
2815.9077851846578 1103.594621686878
2845.9818063798853 1102.877870933003
2875.4331021608837 1102.0879563185672
2904.1836484957726 1100.8899832454663
2932.0760236431092 1099.3283741454152
2959.3199042061137 1098.0648416864838
2986.1731836909503 1097.3951887154817
3012.73248105147 1097.209794561447
3038.904769849525 1097.5578713018908
3064.597293667631 1098.987263776648
3089.976612509907 1101.9426791685848
3115.0605274634922 1106.0057950254077
3139.5905862940635 1110.4183662629985
3163.242770971427 1114.6334412221975
3185.994003626786 1118.1801456734522
3208.126335207684 1120.9312364986943
3229.8918253182105 1122.881022469536
3251.304013777582 1123.2710857916436
3272.231712673139 1121.1062231224623
3292.57480587795 1117.1891960540054
3312.2785654178742 1113.253274569147
3331.6277559391838 1110.1374642512715
3350.8098252192167 1108.1219419003123
3369.658971430104 1107.462805364857
3387.995022750239 1107.7183201458745
3405.8094807341363 1108.5028736645809
3423.22043616974 1109.782328401005
3440.082396317534 1111.0235733634495
3456.174541856943 1111.9603949861053
3471.902338589858 1112.6529520544009
3487.6302634304643 1112.8845848168467
3503.1761289563747 1112.3535609680473
3518.309734539288 1110.9716886605295
3532.829615523291 1109.0744137797128
3546.5700878644834 1107.050993982039
3559.4458964374994 1105.132261183279
3571.428554603781 1103.439539899845
3582.5010757584846 1101.9479202737502
3592.670965691193 1100.6349208687736
3601.9633595448945 1099.4803146482816
3610.4156515952986 1098.4659533946108
3618.073326622086 1097.5755948249227
3624.9867551015955 1096.7947354358105
3631.208758470826 1096.110451154599
3636.792786916983 1095.511247136678
3641.7577002213984 1095.96787227443
3646.1330462099554 1098.0042349742173
3649.96774065376 1101.0984559033018
3653.2764003017096 1104.5683448838013
3656.0709936956046 1108.0023670197993
3658.3766810022407 1111.4315590135075
3660.250635962632 1114.7824665082308
3661.753146249299 1118.2228581597487
3662.9372819784367 1121.9736307048352
3663.881247788088 1125.8471455931287
3664.6063922589033 1129.8891919156333
3665.1312600521924 1134.1007534257683
3665.470170630452 1138.3138446961188
3665.652395317406 1142.404106257165
3665.715254307098 1146.3756195870574
3665.669003470616 1150.3304383623238
3665.5444960037826 1154.1868918838563
3665.3658522994224 1157.8877936449092
3665.15177560295 1161.394991186977
3664.9166259224558 1164.6849916779615
3664.671294900397 1167.7454643585313
3664.423917012507 1170.57245627426
3664.1804463550307 1173.1681869020022
3663.9451232085407 1175.5393114157773
3663.720850353917 1177.6955622763105
3663.509495620065 1179.6486952827863
3663.312134243886 1181.4116797896197
3663.1292422207675 1182.9980839599007
3662.9608498349817 1184.421615112294
3662.8066629141003 1185.6957827618853
3662.666157991819 1186.8336581422518
3662.5386564409023 1187.8477090621332
3662.4233817120157 1188.749693091575
3662.319503051344 1189.550595451899
3662.2261684421455 1190.2606007360646
3662.1425289994972 1190.8890898224943
3662.0677566240847 1191.4446551585215
3662.0010563739324 1191.9351290555792
3661.9416747290948 1192.36762082005
3661.8889046924855 1192.7485594933119
3661.8420884810266 1193.0837397347311
3661.800618407548 1193.3783689874108
3661.7639364290944 1193.637114547348
3661.731532736261 1193.864149536049
3661.702943676626 1194.0631970740792
3661.135642644117 1193.437319590931
3659.6734977608644 1190.938869893074
3657.582645732038 1186.6299688794998
3655.0862952042207 1181.2417653590176
3652.2816416217584 1175.1255100426763
3649.3587846692894 1168.5625869823543
3646.518907949558 1162.1965606972833
3643.7391227810267 1156.636617181297
3641.0057929032555 1152.3704841048298
3638.3488724880767 1149.6570510355928
3635.738807019099 1148.0123227311412
3633.2062733501875 1147.0860245936356
3630.7998819512923 1146.519746035686
3628.448424249001 1146.2274687927277
3626.0520598504104 1146.0906681899087
3623.657431515744 1145.7085049122838
3621.2849171788657 1145.1444126188567
3618.8836413347 1143.9699770841153
3616.3802611311567 1141.456583129688
3613.7348438055415 1137.4250041504379
3611.017255121446 1131.8866546698312
3608.267357118117 1124.9588406222692
3605.5167684197886 1117.5154267327478
3602.814753355679 1110.526352908178
3600.224276588911 1104.4794364301595
3597.752810846593 1100.0596971483744
3594.7298585421067 1097.3798003535062
3590.73427111608 1095.6680329532096
3586.1042329573556 1093.8887212795719
3581.0231119564637 1090.9122790208398
3575.613542922662 1086.9959470834476
3569.9376773882323 1083.223572743443
3563.7550072852905 1079.707828991827
3557.010765742711 1076.430763838054
3550.284667613164 1074.3033473535147
3543.8098453285165 1073.7284680080465
3537.3110389395674 1074.502302571761
3530.5977503009713 1076.7392664068175
3523.4983006617445 1079.8803557817098
3516.038737680292 1083.313014608134
3508.398647432216 1086.853248814245
3500.6386291867057 1090.3352636505724
3492.663976462474 1093.9563084808292
3484.3079691551716 1097.866371524027
3475.3024287932044 1101.7435673985178
3465.3563220330047 1104.9320148565037
3454.4989619095186 1107.3846827466853
3442.8861409281344 1109.299579649942
3430.2302478752626 1110.727342656242
3416.3512200102123 1111.687276277168
3401.4448925815545 1111.897014234002
3385.8901279108723 1110.9804320017715
3369.9392398770306 1109.1606602215195
3353.6872609793727 1106.8899337258968
3337.331461781007 1104.6793876833085
3320.9714598072583 1103.0511312706337
3304.7062146962608 1102.3104116044456
3288.266906552122 1102.3133117300883
3270.903308747223 1102.443835114335
3251.560575186328 1102.7577615447453
3230.179072463563 1103.8994341332152
3207.3114841357983 1105.1888136303155
3183.248910035348 1105.7618181189202
3158.264844095903 1106.08854441727
3132.6854052671442 1106.8006197504162
3106.6973261561807 1107.9003206325726
3080.0427716163235 1109.1375070357951
3052.833877930335 1110.4734097496896
3024.555184751438 1111.4628900308437
2994.7368627700116 1111.7172565454357
2964.021569713642 1111.9149710778142
2932.6832323281715 1112.5967004681506
2901.2679212479543 1113.3819619227966
2870.1469383253334 1114.4875367447307
2839.0218404229418 1116.090415460947
2807.6418057589667 1117.8763529727846
2775.16601414592 1119.8070693010952
2741.4528257909064 1121.4367766950152
2707.17260831814 1122.4785804666753
2672.5134127313745 1123.4551091951485
2637.603614647915 1124.3904167700982
2602.4305174501364 1124.4440620424175
2566.9453394904367 1123.971918008419
2531.485277605044 1123.5489587074062
2495.682483600703 1123.595608273243
2459.4283421869204 1124.0712441009023
2423.58021156037 1124.5954815913394
2388.7059073241167 1125.1061597913008
2354.889853785316 1125.3123929807034
2321.8214176356287 1125.3130173179825
2289.1412657814744 1124.8335312386876
2256.53683782014 1123.7621472410106
2224.0059047055925 1122.2992159824996
2191.9529020173136 1120.2054572597754
2160.6134774488214 1117.5749744397333
2130.0638618479315 1115.0169244076403
2099.925292464314 1112.9597476877025
2069.969476748377 1111.1870879205296
2040.4096480748372 1109.198296092461
2011.2172438619089 1106.8546959802459
1982.2854467618001 1104.6538324341504
1953.4737227203027 1102.9152137641074
1924.7102873718052 1101.6295459873634
1896.0708165117037 1100.5131151285352
1867.9493092183457 1099.2667730378816
1840.5035828600917 1098.2768078132046
1813.6185005672999 1097.845749294656
1787.396179803628 1098.4857104418622
1761.9944792069352 1099.9114097361273
1737.1678479692534 1101.4118913546026
1712.8201096080645 1103.0852931810916
1689.274088128163 1104.7245099246009
1666.7314475444625 1105.9956624290876
1645.3728900098665 1106.6819921513784
1625.3285856942102 1106.87737154724
1606.6377710887307 1106.806148353449
1589.3393564430687 1106.5574942552091
1573.473293632765 1106.105238154637
1558.992197728597 1105.3551832295352
1545.795045076571 1104.2925514164606
1533.876054705695 1103.133740827405
1523.1743105402993 1102.2026671610593
1513.4913112778263 1101.6429045614618
1504.6678484127951 1101.6824136588655
1496.7990880599425 1102.3201324406411
1489.9926786834517 1103.292646110107
1484.1658332583527 1104.5276821867944
1479.1986940997756 1105.8058672201096
1474.9813590763497 1106.7386377906894
1471.8964544568662 1107.1415967912183
1469.719075620894 1107.118411751166
1467.8264349354931 1106.9374627368704
1466.2004236916368 1106.9613794751058
1465.2864667071608 1106.821539065418
1465.3023503713657 1105.7883804221212
1465.9893076598146 1103.6459560609683
1467.1815095467382 1100.4618338053617
1468.696646357094 1096.6224516937714
1470.3874595241994 1092.4859751032045
1472.1742831999761 1088.2247601258443
1474.0144807928623 1083.8616922486356
1475.8630559273595 1079.3342062901568
1477.678190031512 1074.6881049818126
1479.4343148794585 1070.2783559452753
1481.1040220169302 1066.3130920262215
1482.7423035508843 1063.1221788079627
1484.3625140116171 1060.8961874953372
1485.9301841535103 1059.2942260183847
1487.396093294028 1058.2375287968005
1488.7310050194915 1057.7459405999714
1489.940469067216 1057.7125412961102
1491.0166583589346 1058.1409104312283
1491.9782073718939 1059.0422424662902
1492.8351152789912 1060.2906472077702
1493.597710142216 1061.7777693425794
1494.29735713881 1062.6812885874497
1494.9574325955432 1062.6121547993841
1495.5570352068146 1061.9940978041827
1496.0842548931032 1061.0552774489418
1496.552649977107 1060.0155992929592
1496.9680970469435 1059.0120970073317
1497.3190790065426 1058.0798902159424
1497.616748830729 1056.9754601022491
1497.901906432224 1055.5279421870582
1498.1875237817642 1053.8387180689283
1498.4390123530043 1052.0623650526206
1498.6170034144977 1050.3869470866634
1498.7558335605265 1048.958005722394
1498.9229569657186 1047.5799241857999
1499.1332696331422 1046.2065937503808
1499.3477842942407 1045.1278811886505
1499.5340036254381 1044.355226507732
1499.6959976847293 1043.7866161029747
1499.8364693093567 1043.8940349561042
1499.94169270048 1044.5328078345722
1500.0141500496452 1045.1472241587135
1500.0551857965359 1045.7305484375504
1500.0789289757938 1046.1107706118364
1500.0884185831337 1046.2177020689967
1500.0885197371108 1046.3534135676337
1500.108859678038 1046.6872742105431
1500.165264577958 1047.1448971925747
1500.2571513916434 1047.7349743547602
1500.3728111514647 1048.3910317458933
1500.4862784144009 1049.008635948414
1500.5799111240226 1049.5461158921996
1500.6683867713268 1050.0937933882292
1500.744757564579 1050.7966862077128
1500.8005486154966 1051.5934357925028
1500.8284875357188 1052.341313355483
1500.8311097981737 1052.9635108124155
1500.7862661476345 1053.327738162395
1500.6767737161256 1053.299037951623
1500.561840858718 1053.6491488495594
1500.4826439043143 1054.9773974194163
1500.436390842724 1056.9338546336985
1500.4207260924638 1059.3093892853283
1500.4385272442114 1062.0096519579415
1500.4968019851144 1064.9127540082711
1500.6050144974856 1067.885214043219
1500.7633043720732 1070.768482424266
1500.9654252022938 1073.5396733653981
1501.194589505997 1076.1912546996225
1501.4670288683055 1078.6999116653446
1501.7569721071302 1081.0095256847887
1502.0278119717889 1083.115740584196
1502.2950266034206 1084.9730596898755
1502.5477427974574 1086.5645854604159
1502.7626100826421 1088.0409058273099
1502.9347842168643 1089.4226856918253
1503.0665417008283 1090.6954285679865
1503.1495148629215 1091.8336038371322
1503.1960205263617 1092.775332947303
1503.2368251010519 1093.568509768121
1503.2831099288642 1094.2208828378489
1503.3436606229068 1094.7086871701192
1503.4350603014648 1095.0404855793938
1503.5517426127033 1095.2793175659422
1503.678991855727 1095.4289212210683
1503.7942020960268 1095.450374012952
1503.882386572504 1095.352446490542
1503.954661636849 1095.2233450241984
1503.9964710440697 1095.1464919310022
1503.999859894743 1095.0576424083222
1503.986166210757 1094.9010544628854
1503.9712639472154 1094.699564920089
1503.9384767121342 1094.4818626223419
1503.8385064450126 1093.5730424551211
1503.7111969427124 1092.2035260726802
1503.6028110830698 1091.1676866519554
1503.4548488760458 1089.8013173949766
1503.2449621424648 1087.4414636580566
1503.0676848943835 1084.916110241178
1502.9584455495165 1083.0259440066823
1502.8856393638084 1081.8026583858823
1502.8292034219314 1080.4500137780246
1502.7531822328108 1078.4264644689033
1502.6375291757033 1075.9792039142178
1502.5020357196972 1073.9531424984648
1502.399085563188 1072.8329386717573
1502.3087727074392 1071.61683509564
1502.1815249818935 1069.8223429218094
1502.0140612029404 1067.8221366005657
1501.8440121307335 1065.7734855802403
1501.690778294618 1063.6079217045067
1501.5708246188067 1061.3463663983218
1501.5152368170122 1059.023880849831
1501.5294266852654 1056.5186345411676
1501.5819225328723 1053.9312781551034
1501.696547913119 1052.2748774921615
1501.8498981954601 1051.2736966664165
1501.9641847370303 1050.0531191465643
1502.0427357528283 1048.709103210652
1502.0706342145133 1047.3977527541265
1502.0461413493808 1046.2201393882071
1502.0172212432942 1045.0905987214246
1501.9897980586697 1043.958757078755
1502.0273499878206 1043.3809114698317
1502.1509858548336 1042.9989871240325
1502.302928185047 1042.108774588272
1502.4664742131133 1040.8798363161604
1502.63527487236 1039.4970516677656
1502.803820978473 1038.0918273874333
1502.9463102323477 1036.7663735269016
1503.0905239281487 1036.1419596953378
1503.2470488859803 1035.9899946454339
1503.4332566573794 1035.5647304841864
1503.650779845255 1034.9186250425107
1503.8317956000997 1034.2120549029873
1503.9786511277625 1033.3977344109617
1504.1693338496586 1032.4138788617593
1504.4462943506608 1031.600261734439
1504.7734647628447 1031.2956118549712
1505.0916217699512 1031.3085744964599
1505.3978575757678 1031.4981815281046
1505.6984848287705 1031.9218893312222
1506.0118522399857 1032.5304521671796
1506.370470832295 1033.1180565107763
1506.7533610311334 1033.5583822925178
1507.1632577308894 1033.9199408339896
1507.615762029815 1034.2662345788888
1508.0833143670252 1034.6050071879847
1508.574973383775 1034.931822703338
1509.0880185617375 1035.4871700969948
1509.6065862054304 1036.3481338127915
1510.167507300245 1037.520073248885
1510.7841477867378 1039.022731994807
1511.455664228974 1040.9153725326614
1512.1508392901328 1043.3197112211046
1512.8552542819361 1045.6636806349889
1513.560360050944 1047.4276774546174
1514.2178840273568 1048.6330871020666
1514.7994420673401 1049.693056928572
1515.29697317959 1051.0020336679263
1515.7342971655248 1052.2643906957367
1516.1567016187237 1053.18725805287
1516.580080079408 1053.9484185060273
1517.0118749444575 1054.8376199770375
1517.4109605433707 1056.2810941726536
1517.7807102613615 1058.0458050664101
1518.1292508249874 1059.6053877384438
1518.4684238709958 1060.8822603552794
1518.8749712158137 1061.8778557996013
1519.375330826444 1062.7377530092942
1520.0108156491044 1063.5256904694936
1520.7658345058971 1064.3501099905525
1521.508088002293 1065.05705679528
1522.1896559939307 1065.8747357655382
1522.8389460590115 1067.2142183307856
1523.46717872335 1068.5652964396124
1524.1221020571143 1069.4307839211838
1524.7733587084285 1070.1521007626577
1525.377388777238 1071.0523933370553
1525.9666472383576 1072.0639691681781
1526.6497379585464 1072.9914568583704
1527.4524704929645 1073.5773063854524
1528.2757482983316 1073.9102361768687
1529.108857864764 1074.2248241336918
1529.99636023805 1074.5534797460698
1530.9073252911685 1074.8224399401581
1531.7778980487046 1075.0190354839067
1532.6912769027467 1075.2095085742794
1533.7104416794514 1075.298347609581
1534.767292576784 1075.281632640568
1535.8522371652032 1075.2597864817635
1537.0158996548148 1075.2484902596702
1538.3042433840174 1075.0884291245106
1539.6346106827016 1074.875021705364
1541.0163661459778 1074.741389393994
1542.5104406299477 1074.933028851761
1544.059179433329 1075.539170774092
1545.5965272135504 1076.2752578982409
1547.093641352533 1077.1560200316915
1548.5724926266314 1078.2325870573716
1550.0212056881792 1079.3745084818593
1551.354708880734 1080.6992589184827
1552.5398199330525 1082.2280173733648
1553.544937480826 1083.6731749020241
1554.4581492155062 1084.5289590698642
1555.389406784763 1084.9407107135903
1556.2348014011054 1085.3296788662221
1557.0778792207295 1085.206712114751
1558.0601299987013 1084.3189734566379
1559.312499090208 1083.6427370841805
1560.750294620884 1083.5615128314628
1562.1656958813264 1083.7385880616853
1563.5900430364004 1084.275681768543
1565.0710147071486 1085.1707272456124
1566.5584824409125 1086.30629741872
1567.9979930662364 1087.5789328072813
1569.353551836346 1088.8726563119355
1570.4115817968611 1089.9238397229242
1571.1073830344224 1090.634424408547
1571.5894977156966 1090.963231690356
1571.8421816950367 1091.0956897781823
1571.8833718028382 1091.2988581329405
1571.795516565035 1091.4457068629276
1571.5770829059327 1091.5426830247102
1571.321328812196 1091.853202058658
1571.207972347655 1092.5069785106082
1571.318510724595 1093.4577203534195
1571.6490617361874 1094.4855139859822
1572.3956886342814 1095.4405394281557
1573.5812844202808 1096.5653268164754
1575.1493231846637 1097.9544201161355
1577.351377239537 1099.585359672524
1580.4852596139053 1101.3096627253274
1584.3998026345614 1102.8425880102943
1588.8479384635002 1103.9889959922791
1594.3505738668282 1104.8394453875999
1600.9241784830365 1105.4077896809683
1608.1776936018173 1105.564797865543
1616.0299889696403 1105.0857565823176
1624.3156370331174 1103.9571196300228
1632.7965446994042 1103.188083038083
1641.2815027281404 1103.3439891582434
1649.703532282091 1104.363837345457
1658.5138427753075 1106.0255086384866
1667.9223672265637 1107.9352238799183
1677.5449421107724 1109.8433010336553
1687.1071545727766 1111.510110001556
1696.4403757902478 1112.9457417267697
1705.4239662948814 1114.2292845767406
1713.9471559730862 1115.3623374516415
1721.9613184118875 1116.2968202983598
1729.430151478272 1116.851716328521
1736.3350913757579 1116.8584274687676
1742.7020094943166 1116.6684065549014
1748.5945320089977 1116.524671430922
1754.005545224257 1116.3603107788872
1758.9236594816427 1116.310941460035
1763.3583403178118 1116.4690020555406
1767.3248786304298 1116.7070896347313
1770.9092255068097 1116.6438699294974
1774.1692975868457 1115.9937972891223
1777.139646385637 1114.9534146566677
1779.8109882830643 1113.7585016326132
1782.1757160752538 1112.4662630540645
1784.29962381426 1111.1693262415981
1786.2116080592411 1109.908376202237
1787.951705091504 1108.6632373054617
1789.5375433876325 1107.2390994956888
1791.0012802551735 1105.5228704334413
1792.374758110458 1103.7876503691482
1793.6425952917832 1102.077757578108
1794.8338852474906 1100.4084621054083
1796.0041410680672 1098.938100376884
1797.1195665298753 1097.449816972829
1798.1348280504978 1095.969455167303
1799.0826375001782 1094.9405541993187
1799.9765449635552 1094.4774090755632
1800.8230958928148 1094.2942821160707
1801.6216488750401 1094.1339033140162
1802.362663962046 1094.0367391019367
1803.0683089266638 1094.3547774494282
1803.765188794597 1094.9487409831304
1804.45666383963 1095.503738367398
1805.111802491974 1095.9390942589923
1805.6770000013664 1096.3626360945677
1806.1156663693018 1096.9365469494776
1806.4882921586454 1097.594274818756
1806.8686684176218 1098.222001333132
1807.2286578228652 1098.6767341344466
1807.5114730205019 1099.1819420360337
1807.7001302315164 1099.8369039812299
1807.8166616815836 1100.2330170906512
1807.8213942683656 1100.3074508555853
1807.7265192594843 1100.3717506911569
1807.5868480524737 1100.5345128150675
1807.5709289750741 1100.9984811706126
1807.8202667898743 1101.7316092235426
1808.2778925623202 1102.4752066841706
1808.8994425343838 1102.9787578235
1809.7717816289614 1103.0023635963676
1811.0697391733283 1102.67013831328
1812.8981845300814 1102.249087663149
1815.109497390877 1101.8051535746256
1817.6796594295088 1101.1513344918844
1820.6839925687195 1100.357116760836
1824.109762710215 1099.7265345852384
1827.9221510986097 1099.5690308788264
1832.14976832711 1100.1943043068854
1836.839743045804 1101.5013918798422
1841.9664100625066 1103.2419377331519
1847.402866314984 1105.3470942714519
1853.0595515070293 1107.758001212748
1858.8967427674 1110.5293835148818
1864.792297095927 1113.5043893384036
1870.6787962428164 1116.4690248995234
1876.4494264225934 1119.5395015550553
1882.0063576832872 1122.7004330487207
1887.3474226754445 1125.8875417463025
1892.4463459697968 1129.096250875487
1897.2698602450694 1132.1861478174606
1901.7078877242736 1135.0881018572068
1905.7475102136866 1137.659381105853
1909.6364481358928 1139.7902059295122
1913.3480104503265 1141.464238273671
1916.6671718732475 1142.7116417523828
1919.6949163806546 1143.7233817805968
1922.5778937266507 1144.4977720091094
1925.3872705404654 1144.9230988655509
1928.1445976678338 1144.9858840236325
1930.8382598164071 1144.6197048007064
1933.4806660794234 1143.8546669965053
1936.0157500256983 1142.8156580481193
1938.3969560980256 1141.5495378568362
1940.5519432436802 1140.135810850497
1942.4889973242407 1138.540632614494
1944.2046389123393 1136.7411926710788
1945.648047129167 1134.8058917713113
1946.9021309549962 1132.6618863488115
1948.0503176363877 1130.3823378506208
1949.180067070663 1128.1777375032952
1950.402621039285 1126.04626711539
1951.71206569073 1123.890692088611
1952.978196793995 1121.6907412323092
1953.9467365796077 1119.9213452840054
1954.5154250116898 1118.8472358881218
1954.9276617698315 1117.8801825565974
1955.3317072087998 1116.7272444073906
1955.7503994446133 1115.4479237425805
1956.2013552335786 1114.0317119977135
1956.531171753235 1112.6381791685892
1956.8703943538171 1111.2327280754084
1957.4874416359403 1109.7051049583513
1958.3442507040486 1108.1607599888587
1959.3972584942476 1106.6610752277177
1960.5885144014064 1105.2661521606742
1961.7492822023746 1104.1548790476143
1962.845086503425 1103.4198497377695
1964.030043547593 1102.9465760349979
1965.4098682928852 1102.7547997996646
1966.9032980350892 1102.8918388802708
1968.3989997006681 1103.2002281330153
1969.8302466352288 1103.56630691301
1971.1910622973053 1103.9663129165417
1972.5025733735438 1104.343521809356
1973.7440208727417 1104.7631622861927
1974.7271876007862 1105.403842937843
1975.1576487167715 1106.5195708674075
1975.3365341784875 1107.901265257155
1975.5601854229806 1109.2970256356837
1975.6471567967708 1111.0139148311225
1975.5944107653688 1113.1936330361139
1975.4999107363894 1115.6206495086103
1975.1109497117093 1118.231391342376
1974.2420753138563 1121.0129947161224
1972.8244464198883 1123.872764765346
1970.7482198110083 1126.6726507088429
1967.946565890351 1129.2580712314168
1964.3764610192725 1131.5427489352364
1959.989696238465 1133.0860264355163
1954.6579018508494 1133.9049494807036
1948.4165019996917 1134.2798676566456
1941.2689711380785 1134.267562605299
1933.2368577418947 1134.2933260875263
1924.565558438602 1134.3661328352541
1915.5547482063002 1134.8103008201092
1905.7439087934645 1135.97951242015
1894.7978377098145 1137.65352777462
1883.0513745063681 1139.7574483589008
1870.8082719826104 1142.1113225103745
1858.3728270372944 1144.6257374028364
1845.5757929022384 1147.5183772295886
1832.1084649541865 1150.8389515564572
1818.0039650159422 1154.3463717475947
1803.2375220979075 1157.6068492702245
1788.0359741068173 1160.4281952251563
1772.903936292768 1163.097759275697
1758.1056186434446 1166.115530988938
1743.848883513213 1169.3995835673645
1730.3389068820425 1172.4739584468293
1717.5752796229017 1175.3361213971534
1705.5654104665518 1177.987463187961
1694.3352080683994 1180.2792053131716
1683.767344701768 1182.1480397781982
1673.8390725705358 1183.6595613597826
1664.675076677437 1185.1211026805424
1656.2844175639314 1186.9519176183235
1648.624325489867 1189.3554969628842
1641.69996642046 1191.9081995798842
1635.4147371313065 1194.23905316709
1629.7803479780168 1196.5110139121712
1624.909261113195 1198.8365975559461
1620.7280968793393 1201.3422476206247
1617.0513098368335 1204.0028036058907
1613.7064379696449 1206.594169899995
1610.600874669167 1209.1339705322323
1607.630762153191 1211.651220705645
1604.700193595988 1213.905376866928
1601.78593580378 1215.7630757847046
1598.93851818682 1217.3696954813995
1596.2167330048362 1218.8825894626982
1593.6745832081724 1220.3166437401562
1591.3099818213473 1221.5606823046553
1589.112113701924 1222.5416581030856
1587.0926367308673 1223.2602942627232
1585.236671083045 1223.6841146845195
1583.5734527034767 1223.8631733358409
1582.0958655465902 1223.883647915493
1580.763939307027 1223.7119193900035
1579.5785599565472 1223.395867819783
1578.5186703777613 1223.081544066249
1577.5520336327988 1222.9653633113146
1576.7363368559058 1223.0761790092106
1576.1623641557915 1223.2239874369934
1575.84601219164 1223.3362740562538
1575.750773972014 1223.6130221935202
1575.8344039080791 1224.1197702179518
1576.0344678433964 1224.5538009457448
1576.2481651854114 1224.70572398137
1576.3859227067194 1224.6787814275908
1576.456560925091 1224.478400171779
1576.5543914219477 1224.0869916841227
1576.6828729619415 1223.6271969944278
1576.884380145691 1223.2937548216373
1577.2242849099653 1223.1786147894466
1577.6908102892164 1223.3287280220593
1578.2146058037117 1223.7763871543675
1578.6930473997659 1224.5595163717674
1579.1695920559282 1225.6506901787495
1579.6861436056663 1226.905815746685
1580.277746932621 1228.3301226144963
1580.9401614909618 1229.892542611208
1581.545922564053 1231.5230162102148
1582.0507970792062 1233.2043094048672
1582.5609402313237 1234.859151464126
1583.0921932639305 1236.47428182452
1583.6020917740639 1238.1508411887644
1584.0728910296311 1239.8430123186085
1584.4617996692323 1241.5786323184307
1584.7330875368757 1243.4151968575618
1584.960533816527 1245.3891996717666
1585.1795771786801 1247.5539380838736
1585.3795745635095 1249.7953418834315
1585.655026007468 1251.9300818570707
1586.1048639436146 1253.9203333517437
1586.666886545485 1255.784458391815
1587.2520234975448 1257.6342614052003
1587.8908423170972 1259.5396563015724
1588.5693239173468 1261.3295110161444
1589.296879646957 1262.8477701906754
1590.1536405664979 1264.1659007237115
1591.1603383451147 1265.5101602188427
1592.2246013112212 1266.9263950131365
1593.3162525575497 1268.2883800293453
1594.4061236005607 1269.5590163809266
1595.513593463884 1270.7208884188665
1596.6603023534685 1271.600390598121
1597.8407028023844 1272.1105267582022
1599.0272228200577 1272.45826491934
1600.1446220289617 1272.7360401544965
1601.153950842707 1272.935587333822
1602.0421283090177 1272.968012641831
1602.8959447426485 1272.810711092032
1603.808779699597 1272.5661680245914
1604.7813759623684 1272.2902874338806
1605.7592382363969 1271.9046238786425
1606.7264234846803 1271.443647776872
1607.6744916483854 1271.0332241490048
1608.6113685815717 1270.579017801298
1609.5738091260541 1270.0953650835954
1610.5435638295935 1269.6609336002887
1611.5265028984613 1269.3491767631945
1612.5287304680453 1269.2570469909394
1613.4896258532183 1269.3745323979758
1614.384556348442 1269.473940479434
1615.239503290291 1269.5180401499842
1616.1641732434446 1269.719469651004
1617.1913495014194 1269.9471011559822
1618.283453733886 1269.9939083264412
1619.4360943419701 1269.9626421418204
1620.6467163972895 1270.0885062669167
1622.011889011713 1270.1490423059706
1623.5086084217014 1270.0651940473992
1625.0153063746168 1270.0335629710055
1626.7791373013551 1269.8220257452303
1628.9988834945061 1269.2276541512235
1631.4422290774783 1268.6565552487168
1634.0183240583187 1268.2971971057254
1636.8188585998837 1267.838278500804
1639.6594299826 1267.4163294724785
1642.7306453973877 1267.092685604608
1646.3498051710285 1266.7669969958947
1650.3443628566947 1266.482070949603
1654.6277420464448 1266.5049179425914
1659.154462744174 1266.5504863500219
1663.7528271345213 1266.35978847222
1668.2589663175602 1266.1697953683035
1672.4719232994323 1265.7650330750464
1676.3305961003873 1264.9830313318614
1679.9632080538124 1264.2168691211966
1683.4150611535456 1263.781042584641
1686.7058951007632 1263.6574475246762
1689.8948259417834 1263.5283615430733
1692.9995693151227 1263.3781520035575
1696.0416511083563 1263.3804836595953
1699.076039860708 1263.3938985960478
1702.1077814432344 1263.3541119201168
1705.0707088432353 1263.212900802766
1707.931112424743 1263.043384553239
1710.7265085095196 1262.9798173232136
1713.4949075691623 1263.2113474417674
1716.2318034279415 1263.6526009350612
1718.8906071585973 1264.0804168492234
1722.0453545368919 1264.3213470727144
1726.0245674723637 1264.355433880425
1730.4795620537507 1264.3226051856454
1735.1431348786002 1264.035363349584
1739.8257889694569 1263.4031618368758
1744.4532965110986 1262.58398388296
1748.9721534398266 1261.6450477049684
1753.335348081225 1260.447763030585
1757.4669465608977 1258.9456365818407
1761.3594925516927 1257.3829851489745
1765.0069155056528 1255.9314662050806
1768.3313126595003 1254.552717214708
1771.3621908703287 1253.1572152592305
1774.1162641064486 1251.835177414805
1776.561107463389 1250.601092802493
1778.7344220810978 1249.4124419411826
1780.7183846188218 1248.3316640315588
1782.5696116714344 1247.4164622890112
1784.3058486997516 1246.7928152653483
1785.9424946965137 1246.5164949187995
1787.4872612849983 1246.6129005985433
1788.9820269793395 1247.1782381395703
1790.4781557290319 1248.1800340252603
1791.8785788819193 1249.3350793259365
1793.0891970904395 1250.2117910288189
1794.2262714099215 1250.7412946025204
1795.419648617157 1251.1427380852772
1796.6925405347647 1251.4904493545375
1797.9882301312673 1251.7915436651601
1799.2854776775016 1252.1941868544911
1800.5754198994478 1252.7681549810127
1801.8105125767013 1253.4558579070479
1803.0356872467937 1254.222309574052
1804.2791085141887 1255.0430582441995
1805.4864752018539 1255.8706600621638
1806.6989646556715 1256.674968645108
1807.9852973657817 1257.5462874797065
1809.3009173145915 1258.3257584385121
1810.6953942725584 1258.9316582915887
1812.1940245548462 1259.5726964014152
1813.6920295559364 1260.2835622199061
1815.1076573173114 1261.09597937982
1816.4627619780981 1262.1001782269875
1817.6049118975307 1263.0117113005238
1818.4056930254658 1263.4408938529878
1819.0019611201542 1263.2241632900443
1819.5521114519888 1262.3204231641764
1820.2493210018858 1261.1242566057285
1821.1142618633899 1259.994014504206
1822.1526951534627 1259.0137540185638
1823.388736255485 1258.068111342689
1824.7361253119302 1257.0895078031872
1826.1463187413513 1255.8189739840075
1827.6778973927164 1254.402003287453
1829.443962487578 1253.5418965846088
1831.4203118108207 1253.3564775435489
1833.438958906206 1253.7693952236805
1835.3469733916263 1254.7419183689747
1837.197865131703 1255.323546530717
1839.0276226794808 1255.4187029655382
1840.8044744764143 1255.1844741944221
1842.5300346207257 1255.0339939828743
1844.1810970970098 1255.8104184595923
1845.707764014901 1257.3754292588192
1847.1248028141122 1259.5566432090195
1848.4108398880783 1262.1971213298057
1849.5049480451053 1265.1274657472832
1850.4813343282437 1268.1252601728288
1851.336094635118 1270.9976721765427
1852.0316912164571 1273.6785348550434
1852.6073948217115 1276.1893871275208
1853.060467197481 1278.4280542941171
1853.4842907942082 1280.236395084079
1854.0460309165421 1281.6833526060423
1854.7805901379495 1282.9884296074922
1855.7537774963575 1284.2959114381829
1856.9386507635052 1285.4199544414205
1858.2549907638324 1286.127685717047
1859.6120263811808 1286.2140282941261
1860.9797664141965 1285.836449288057
1862.4159812435294 1285.3877222374078
1863.8355685954912 1285.0724315453372
1865.1535251001399 1284.8667094906987
1866.3979278059016 1284.8029585100678
1867.6211395765615 1284.8855315297492
1868.8515420069784 1285.0530470973122
1870.1092056199784 1285.2870558594839
1871.4593302162484 1285.6581941427048
1872.8473564241783 1286.0852123625818
1874.079620147688 1286.2582675708693
1875.1946639160426 1286.1358259779176
1876.3004887959457 1285.7746758207481
1877.3581713332567 1285.2764822256834
1878.3876155506296 1284.672216956533
1879.4609290525757 1283.9578044029734
1880.602086819408 1283.0480903326704
1881.8056121113896 1282.0141520318869
1883.0722043122546 1281.0575683850718
1884.3719793855118 1280.2416821093934
1885.6683006959106 1279.6196673901743
1886.9443575996459 1279.2018995254627
1888.1948086567727 1278.7978526508134
1889.4603340806393 1278.4371125584282
1890.830319080682 1278.4258672177382
1892.3029586950413 1278.7750974558755
1893.8531171173374 1279.3158390472297
1895.4561504268859 1280.0382279441956
1897.0468731972865 1280.9738271666956
1898.6391416225852 1282.275353749517
1900.2398593689093 1284.031470084478
1901.7892229419244 1286.014109251205
1903.2464710059714 1288.0201833300575
1904.6050236494848 1289.9238826419469
1905.8622528670085 1291.792717867888
1907.0241058483439 1293.793051781744
1908.0683569776804 1295.8657482817205
1908.9781239845277 1297.8332277861973
1909.781648021646 1299.6729304742025
1910.467098314539 1301.3761154558188
1911.0428774568702 1302.9336537191139
1911.581333513329 1304.400368195954
1912.0559997268756 1305.5358939021735
1912.381886979364 1306.151991054067
1912.60661597469 1306.250018773656
1912.8454342435155 1305.8476248151926
1913.1426210727689 1305.2729533669572
1913.5031831822103 1304.7391503231902
1913.8668683995484 1304.262265981934
1914.1719425108581 1303.8335544640513
1914.3886475050633 1303.4140412481552
1914.5557168919079 1303.2159809336176
1914.7529748051793 1303.4407629549266
1914.9945328320089 1304.0399065083072
1915.2682621546285 1304.8205044940369
1915.5763350031837 1305.695451504449
1915.861937838836 1306.6808224182646
1916.0046673030567 1307.736939907931
1916.073418918659 1308.7956088942851
1916.0802799723078 1309.679946835168
1915.9752680408003 1310.2336845766936
1915.8122968395385 1310.513831240354
1915.5825388563571 1310.702596983984
1915.3055807300086 1310.944570379707
1914.7672832180729 1311.022736014917
1913.9047059281427 1310.9068291492579
1912.7965124009397 1310.5126614327119
1911.248231356475 1309.5702950298091
1909.0538172817348 1308.140318682852
1906.247863835133 1306.2470967414051
1902.9974958543448 1304.066668360803
1899.284085638623 1301.5492979890362
1895.0386092299975 1298.474489143993
1890.2649626061366 1295.1592677998804
1885.0222775987618 1291.8573480577206
1879.3553548366579 1289.1191315901526
1873.4164121309532 1287.315977394111
1866.78059064265 1286.3761000228835
1859.1057628798742 1286.1487918330156
1850.3568900280643 1286.451252733692
1840.5057540459745 1287.0344777912471
1829.7550025227438 1287.82236134562
1818.277336178661 1288.7025196020675
1806.05008708975 1289.8909559336657
1793.1181845391038 1291.6582849820572
1779.7480328348379 1293.6821280520687
1766.24106795044 1295.9180901961913
1753.0135525563276 1298.249561058463
1740.3680056316878 1300.4803374138498
1728.3520490421972 1302.6658685843931
1716.9088856686706 1304.8825696858812
1706.1925275759143 1307.160353758832
1696.4212411243905 1309.6495867482092
1687.5844261860802 1312.5354122919136
1679.5646559398715 1315.8569086190964
1672.2531600891396 1319.416222578736
1665.5897485544147 1322.922061213043
1659.542060168586 1326.2525378479754
1654.0852353455534 1329.4346252303242
1649.1754719176006 1332.4875782784286
1644.782660328434 1335.4834059096715
1640.921348148235 1338.597587742685
1637.533653581675 1341.7983484409174
1634.5263261480095 1344.9183436617116
1631.844742412374 1347.8359758206877
1629.464313665304 1350.4432936695525
1627.3594367703333 1352.823527908922
1625.5405581604177 1355.095904276737
1624.0055106573197 1357.2265732689953
1622.6935811796181 1359.1579940971394
1621.522307629562 1360.8398024528685
1620.4814945417963 1362.267561588351
1619.5554151114798 1363.4538135336236
1618.7017360946375 1364.4147237804684
1617.9019369451019 1365.21679114065
1617.1659313837054 1365.8841862932811
1616.4169533238069 1366.3248151727846
1615.5746307945997 1366.5715396077028
1614.6889015620125 1366.7966214043058
1613.8184049790632 1367.0224173516385
1612.9767828825695 1367.1948610884647
1612.1530748434327 1367.3514942695078
1611.3550864398082 1367.5163588652501
1610.5875362738175 1367.6457804094139
1609.876167420338 1367.6967901430735
1609.349439818765 1367.7947699103845
1609.0569016352467 1367.9545181461015
1608.9585973287706 1368.0070259130564
1609.0128803559523 1367.933322048583
1609.1949441431825 1367.7944568816197
1609.5256367902284 1367.6103880043684
1609.9325498429457 1367.3209437899886
1610.3612469886066 1366.8624701723672
1610.744034788305 1366.1906222233808
1611.0732672531765 1365.3699763383474
1611.414619632054 1364.5717176642772
1611.7851770159577 1363.9188252000472
1612.1673063984065 1363.3821980947218
1612.5002518359947 1362.8807751267582
1612.797808896132 1362.4296620060534
1613.1285856664215 1362.113497569056
1613.4795831972658 1362.039774273661
1613.8113375783244 1362.2933091033747
1614.0879966026532 1362.7349736087485
1614.3096504002222 1363.1310213476238
1614.5075345847408 1363.3735977162637
1614.6668950160217 1363.3997093431653
1614.784673495366 1363.1683134924742
1614.8975192753248 1362.8100964947078
1615.0027565438493 1362.5152948587925
1615.0960891218533 1362.321044462365
1615.1945056595398 1362.384779597449
1615.2549409118537 1362.738194704418
1615.232734249992 1363.2988172260777
1615.1521481227846 1364.161070530136
1615.108792145263 1365.0616089578923
1615.1512425449066 1365.6655197767395
1615.2494562151269 1366.0452401760247
1615.4259583948372 1366.1718991922844
1615.7201207634218 1365.979807441555
1616.1200158392362 1365.5216191811626
1616.6666688629264 1364.921514199181
1617.4328127087922 1364.3551058480598
1618.4281442744898 1363.8090449753615
1619.661921827727 1363.08762599361
1621.0603060384656 1362.148212880178
1622.601339830574 1361.1336663783734
1624.4263745949447 1360.07107131518
1626.5049348282923 1359.039038481018
1628.6964616643668 1358.1487131939487
1630.9952871425041 1357.4960202049917
1633.514884662565 1357.035948467426
1636.1704588639775 1356.6933782885358
1638.788463229989 1356.517507639522
1641.4007531880861 1356.3228062165294
1644.1501350236547 1355.975403854782
1646.9414570029219 1355.4979354255045
1649.4960100096182 1355.0294221012998
1651.812561407704 1354.6848570039535
1653.90586932749 1354.4000222103627
1655.9376092863154 1354.1149494191418
1658.1195694791688 1353.798985870184
1660.388578496639 1353.57162317237
1662.78506997985 1353.3280950514602
1665.478719187045 1353.1560789469263
1668.3197309869204 1353.163866867701
1671.2212718648912 1353.1810798085148
1674.2853432079653 1353.2185656481363
1677.4370742478297 1353.1391009059469
1680.5333308019246 1352.987134865764
1683.5361936919744 1353.0461385522644
1686.4921697349969 1353.2748883038578
1689.3868090790916 1353.6024085918818
1692.2016133900968 1354.2611247125726
1694.929358668591 1355.338295316809
1697.6973571540213 1356.7734165560396
1700.5987363104339 1358.4835506141637
1703.5547698207843 1360.2030833795784
1706.4747562216291 1361.9267025234476
1709.3734289326821 1363.8502173097306
1712.2726394346255 1365.935286161477
1715.5603860453687 1367.964968119854
1719.0955685939882 1369.9560280312323
1722.7709167530634 1371.7883368705359
1726.9378936013015 1372.8351948715945
1731.5387856673765 1372.8405476467303
1736.4232966714355 1372.066921172039
1741.4182418635685 1370.6521190491999
1746.4631627362257 1368.5393638883145
1751.5309428090297 1366.0279921092388
1756.5988660925875 1363.4481980390437
1761.6138076250384 1360.9283681193303
1766.5038845691026 1358.6952927151865
1771.1833706220787 1356.8273500758737
1775.695271322149 1355.2137682931311
1780.1817273280117 1353.6946601908674
1784.5520403123658 1352.0632490330001
1788.742118778552 1350.266587042223
1792.6939079030521 1348.3107146012217
1796.3523623039994 1346.1848283970132
1799.7886153132147 1343.918145698333
1803.0878142991382 1341.6150877535633
1806.2446950318067 1339.3700760100558
1809.1300495869439 1337.0630872237343
1811.658279471432 1334.692874642972
1813.8912263993777 1332.5055421393674
1815.8800359427025 1330.5930819213502
1817.5879586195633 1328.8463549058386
1819.0682232516158 1327.2875070325156
1820.3364001669704 1325.9324978697516
1821.3985243315594 1324.7448929395766
1822.381839417486 1323.793362038206
1823.4003528905935 1323.1070549773324
1824.4187078471791 1322.627496820495
1825.3448514036966 1322.386930584501
1826.1627875260974 1322.318973292373
1826.9238070833724 1322.3196143070597
1827.7032034620229 1322.3682881836921
1828.510098879205 1322.5171195541993
1829.4101189254711 1322.7808387991352
1830.4644561427044 1323.0604155270853
1831.567208025027 1323.3084818886223
1832.6059393560877 1323.5420488716768
1833.5657819405865 1323.7711088462454
1834.5200122643553 1324.0444229518657
1835.4563497371005 1324.4556226852433
1836.3345563136825 1325.0706158950056
1837.1272305007117 1325.8932230750247
1837.753260794967 1326.7961952838461
1838.1686496725733 1327.6261644957706
1838.5485351387636 1328.440206083359
1839.075390206265 1329.3081257097804
1839.7798836750503 1330.364949518583
1840.6397201487748 1331.781593100827
1841.5319343329134 1333.3975664941568
1842.3925970822381 1334.9882811740733
1843.2103980806614 1336.567363350311
1843.9408732957486 1338.2659933499192
1844.6104856057211 1340.1501545745039
1845.2976010228872 1342.163159847156
1846.0813563151544 1344.097692795582
1846.8969845874806 1345.7861920062
1847.6331066388007 1347.3134470457987
1848.3300819818296 1348.8001683176126
1849.0311141455916 1350.1974216816943
1849.7194159617272 1351.3995285744857
1850.372557928849 1352.2565280365636
1850.975012339089 1352.7756249878128
1851.4657815368957 1353.1117943276745
1851.8742710141053 1353.4092121770607
1852.3170691729579 1353.8086095255942
1852.862358473184 1354.320542506499
1853.4444977613014 1354.9039603264405
1854.0567006431247 1355.5902306317828
1854.7905049132146 1356.2423289679523
1855.6052042946205 1356.6974213016756
1856.4289804664672 1356.9883514358853
1857.2417788389325 1357.1656919114575
1858.056722234698 1357.346996846767
1858.9216525562572 1357.6242292727302
1859.8122017627238 1357.9383965214397
1860.6534674814402 1358.2235978502472
1861.4361122095831 1358.4695239184348
1862.2317325229828 1358.6170185757212
1863.082891543123 1358.655537184403
1863.9780344989422 1358.6638892392218
1864.9126728398508 1358.6354488759237
1865.8604878625201 1358.6223037272832
1866.797598799404 1358.6539150666113
1867.7174020652938 1358.629682098674
1868.6211246926823 1358.5302620813227
1869.4644420889094 1358.4678459109946
1870.1861090707446 1358.4928459102093
1870.7600529761667 1358.555885438704
1871.2270233897984 1358.6848008098573
1871.682808712773 1358.7906497926976
1872.173870402417 1358.820942483696
1872.6621284518221 1358.959904323604
1873.1791870636107 1359.2183648606367
1873.6955536119958 1359.4333985420271
1874.1713602895168 1359.526313477861
1874.7570559592966 1359.5819036465077
1875.3963425540285 1359.7845048816753
1875.9954241185562 1360.1597799527285
1876.6394569004106 1360.576658578522
1877.3497956756312 1360.8891734337492
1878.0472478546537 1361.072790820055
1878.661533409424 1361.1182542493773
1879.1576125822976 1360.989387291509
1879.4915841582588 1360.6859490616978
1879.7254411150316 1360.2391736539419
1880.007437045364 1359.7487453689369
1880.3244651288003 1359.273338705271
1880.6078626870901 1358.780489439313
1880.8489640024109 1358.1722315831094
1881.0834889583787 1357.472945101393
1881.3388753290599 1356.7192015646829
1881.5876894275916 1355.9588153821833
1881.8492822914184 1355.2186218208283
1882.1915561144735 1354.4482771962041
1882.7339264856303 1353.7640715350283
1883.4649112290774 1353.227655217685
1884.1785434198096 1352.760459150187
1884.8428132965353 1352.3426176525386
1885.502476338241 1352.0204773807075
1886.1177379677613 1351.7722039678488
1886.7159529188866 1351.6244101465463
1887.337215445601 1351.5861929111172
1887.9379133225184 1351.6052804614437
1888.445547340827 1351.6775954478449
1888.8595185222364 1351.8128163679305
1889.201284211458 1352.027722110321
1889.3762414464436 1352.3465657123152
1889.4163009550375 1352.8732631214823
1889.4080906336046 1353.6743042638805
1889.276597071017 1354.4737970923888
1889.1304744320948 1355.308650426532
1888.9961500203237 1356.210552873974
1888.852130689606 1356.9345889974388
1888.699124473895 1357.3872311032053
1888.2600160358882 1357.2389743365275
1887.372092804715 1356.536888648682
1886.068061172431 1355.384521237902
1884.3081268025637 1353.6872159489074
1882.0719765754916 1351.2981316630633
1879.4190901363772 1348.2209995806102
1876.44051133391 1344.953676095893
1873.179292631816 1341.7729219266362
1869.5638456101976 1338.830356278341
1865.4916820585047 1336.5927289797655
1860.9664606239558 1335.4606909306056
1855.4874092373018 1335.3082206369754
1848.5880515663416 1335.707377659648
1840.6261096264932 1336.041060890458
1831.8089953913382 1336.2933039907468
1821.9902932011871 1336.6788526282894
1811.0632798134984 1337.1332797132288
1799.2411708684926 1337.9202342089259
1786.8877616759685 1339.057489867836
1774.2275391928558 1340.6242977544296
1761.5646303582696 1342.6171262662679
1749.1795835782937 1344.8453152177267
1737.2397884621896 1347.3067019235214
1725.8559664992933 1349.9327755337247
1714.9959586507064 1352.697776249022
1704.5122608262775 1355.537663305505
1694.3087972769574 1358.4750739997648
1684.5207250651656 1361.6297656494296
1675.4291222944078 1364.8801655634802
1667.0339104103084 1367.9796938962795
1659.0305559604287 1370.7783219105397
1651.2907528199478 1373.2750898804309
1643.9123563641735 1375.496333843677
1636.9392876311172 1377.483677160478
1630.3586068318507 1379.2550813947785
1624.2419262424453 1380.8982038686413
1618.6313239482852 1382.5342256318972
1613.5344765364591 1384.1276266589846
1608.9474940983048 1385.6571077635135
1604.7752485188626 1387.1437356864087
1601.0096982654147 1388.5788285798324
1597.6516812366203 1389.9064678130728
1594.6588663604348 1391.0910549878372
1591.9728593876039 1392.1200737314352
1589.5202246741758 1393.0283332800493
1587.2800976465585 1393.8650997162013
1585.2657864093203 1394.5413311768848
1583.4522357757885 1394.9762847781928
1581.7695635280336 1395.1250019842562
1580.2319116851831 1394.9517316840527
1578.8078169653181 1394.5510067548446
1577.462044890298 1393.9910988161296
1576.2122468255106 1393.2917180027123
1575.0263242300575 1392.544986456947
1573.8803477826011 1391.8290862894958
1572.8399844351447 1391.2793739240653
1571.9850807634332 1390.8930555506586
1571.3211230306604 1390.561781905303
1570.815224783298 1390.45842248925
1570.3960461115023 1390.6394480015858
1570.000531233185 1390.9879774572248
1569.6037704205426 1391.3851634008304
1569.1647157701718 1391.6982338990467
1568.6564248736115 1391.9589593468424
1568.0927607702934 1392.2756550235483
1567.4902578546987 1392.674159207419
1566.9351850610235 1393.0330542072634
1566.472801934302 1393.258347471494
1566.0268946281617 1393.3180276892106
1565.583220785065 1393.1951326432193
1565.2113960588201 1392.9431756376935
1565.0439583832733 1392.6924100617057
1565.117220354632 1392.4426145314828
1565.3701753234643 1392.1914269333718
1565.7808646442734 1391.914421077584
1566.2677801207442 1391.6438640878705
1566.7912891041283 1391.49290592181
1567.3671488380467 1391.573210967681
1567.9624448925713 1391.8495535938384
1568.5766031175292 1392.2685435968597
1569.1947635586532 1392.7886762878613
1569.79262263579 1393.298864225137
1570.4748533722475 1393.9714048361118
1571.2811657086227 1394.863782832763
1572.127329274943 1395.9387051775975
1573.0303413575518 1397.0132855270856
1574.0014820004874 1397.871077734272
1575.1259547474583 1398.5793834476726
1576.593319162688 1399.1996866010472
1578.455141757836 1399.6392739478988
1580.62678114463 1399.8547913347504
1582.992298311305 1399.7599546148836
1585.4241017638415 1399.052323385696
1587.9094583126061 1397.7383200315146
1590.4978913355897 1395.9701597235778
1593.327904246447 1393.6845493115864
1596.704910352303 1390.8245525637992
1600.9015352415452 1387.1013979132988
1605.7821235586919 1382.1114578446745
1611.1643704653338 1375.4822974294127
1617.0477595020752 1366.5896984123071
1623.3236448329246 1355.2917631320038
1629.8225732720132 1342.1879743063207
1636.3180621286226 1327.8688806560606
1642.5987416840064 1312.6524886638965
1648.5266447398085 1296.756028711557
1654.0088434899878 1280.697957021494
1658.739472965799 1264.8240795614483
1662.38836293227 1249.1199856464154
1664.8903168739473 1233.6720807050174
1666.2303639461436 1218.82994769488
1666.4995033448747 1204.844063237317
1665.762041324116 1192.09854009569
1663.9435628565725 1180.9974747808292
1660.952636660641 1171.311279498782
1656.8701210188035 1162.8094565813865
1651.9761550715257 1155.3867917342247
1646.522698917514 1149.1191583931445
1640.564602944687 1144.1200822184107
1634.0318338240297 1140.2890948421484
1626.9481618173972 1137.0750885917182
1619.4232702121167 1134.1996858287634
1611.6070138219989 1131.8656922904265
1603.640108303659 1130.4231969524683
1594.8213337747284 1129.5555422053378
1584.6754653605117 1128.795189473292
1573.635663211697 1128.2900119653766
1562.1346147226518 1128.3123477689066
1550.4137444540356 1128.5566669644795
1538.5835628219465 1128.8177340813154
1526.1807185278587 1129.3006220769425
1512.894308712324 1129.6381529516311
1499.0768135080798 1129.2628420708165
1484.9487492192418 1127.9622499889908
1470.5974668268977 1125.7539259922303
1456.1654841704626 1122.6748824122144
1441.808699103325 1118.4696566451128
1427.4995090944149 1113.4927269575708
1413.1004129906414 1108.3595659663606
1398.5820261197891 1102.9840699534668
1384.0669477771153 1097.923659767004
1368.820670714335 1094.0813688024223
1352.4659997867539 1091.0657002054406
1335.222665191914 1088.388872418396
1317.011401507667 1086.2528719428462
1298.0570068719917 1084.909702748031
1278.5412937956266 1084.2322504299807
1258.1537473302694 1084.0777229573412
1236.6043629596752 1084.500456706769
1214.2165350716832 1085.7058600435892
1190.7491940600244 1087.2229129196014
1165.9680203201287 1088.2231056376916
1140.2357783097332 1088.0649754645362
1113.8986893575855 1086.6830910614121
1087.4210130084825 1084.6639213647964
1061.1888243493781 1082.698017884321
1035.6143338740742 1080.876317707008
1010.9942963051442 1078.9365940668902
987.5046345794274 1077.0419898163836
965.1958968058592 1074.9588608112858
944.0952604957969 1072.690380397687
924.1682344900086 1070.3998539588315
905.2125332582848 1067.8682366942023
887.0761805055422 1065.033794930644
869.8281553772631 1062.0051264150925
853.4802545768541 1058.9013996294323
838.0464025329852 1055.6946580457177
823.7338377648067 1052.6459370203274
810.6106289668655 1050.13403169552
798.5532993337827 1048.2146172889156
787.4426947344224 1046.8671671596408
777.2802460518338 1046.025575376636
768.1331489339514 1045.7883567316494
759.9124022182581 1046.0456041248062
752.4872396204693 1046.3307009116384
745.7725480640686 1046.4754268421316
739.6783643149988 1046.3325314811264
734.2299653030457 1045.9593844149585
729.342626081126 1045.6349057841564
724.811557038194 1045.5557998970219
720.4515899069007 1046.1364254437744
716.1719963961075 1047.457291761968
711.916577918608 1049.1478209830013
707.5635785487351 1050.6125253618407
703.1298832750422 1051.5706759986238
698.6660896457672 1052.25431468362
694.1247358655362 1052.9496950568553
689.5076973983448 1053.7189601156663
684.8656807999829 1054.6319601245036
680.2300295522138 1056.0317773781503
675.6354510713991 1057.9949969373586
671.138580967196 1060.4666832470198
666.8454139311833 1063.373099251089
662.7907175909916 1066.5844809275522
658.9556316018151 1070.1881543986187
655.3919472431464 1074.050257859029
652.1068280734246 1077.7399726397155
649.0408074063206 1081.1581729003951
646.1523359629709 1084.0014643855036
643.4118314798409 1086.0047004334162
640.2476054353882 1087.7411975803266
636.3359115663271 1089.5419158132079
631.9314456063214 1091.4190292589403
627.2290280714086 1093.2888634700334
622.3723854418985 1095.1095626334018
617.4340672840759 1096.820111277496
612.5291117602983 1098.282086085043
607.6585684273696 1099.6339643870278
602.7346643249488 1100.9862904245335
597.8626424120383 1102.2689437070408
593.1020119513599 1103.4516677804177
588.521076145075 1104.5591389686103
584.221567446756 1105.51124216928
580.1822965417953 1106.3083688721863
576.3592164944049 1106.8308656925467
572.7570983809794 1107.051715066602
569.4602480106616 1106.9270811963684
566.5273371571715 1106.5675903396402
563.9490510001239 1106.1351709716107
561.6789636017701 1105.613828605765
559.7221940408028 1105.0752945176937
558.139872574638 1104.5747360876742
556.8710721937828 1104.1487209606391
555.8725165568527 1103.889407312037
555.1611682868178 1103.9045881422644
554.6844909887166 1104.1539964827673
554.366101868704 1104.5948344219523
554.1825054939084 1105.123724048985
554.2057809684505 1105.6200604364356
554.4189266874661 1106.1731699540694
555.3828322590199 1106.3481849025143
556.8095991674157 1106.2795719902613
557.9378696120303 1106.4652660762858
559.5467149506371 1106.6407300223627
562.1939557023444 1106.7898485391488
565.5222403533114 1106.920544234732
569.2043826157741 1106.8365349607307
573.0520071207945 1106.3335847770866
576.9480260967314 1105.4465098004616
580.6910379265024 1104.3588952922419
584.1595288749382 1102.9824096735924
587.4070786758457 1101.5013462266697
590.4386828023921 1100.0775743231225
593.2872223923949 1098.5271039081401
595.9601157951074 1096.8868291218507
598.3978651639678 1095.2642407359933
600.6079411188455 1093.6133326334566
602.5972155508688 1091.98231974059
604.367721362651 1090.4484848840052
605.9455558896934 1088.8259776808022
607.3550526912953 1087.0320597126608
608.6333276496596 1085.1380390143058
609.8214996443963 1083.1894639781228
610.922388201355 1081.2815745700134
611.9200947793544 1079.5334079865236
612.8549686974077 1077.909110993537
613.7553461126503 1076.3648487644446
614.582794833518 1075.0258869433114
