3840.0 2160.0 25.0
person 2050 1031 519 1158
person 2042 1037 522 1149
person 2038 1059 533 1127
person 2029 1045 558 1141
person 2027 1060 552 1118
person 2024 1059 569 1122
person 2017 1059 587 1105
person 2007 1052 609 1130
person 2007 1063 621 1112
person 2009 1038 617 1147
person 2008 1023 626 1165
person 2002 1027 644 1160
person 2021 1026 628 1157
person 2023 1040 641 1158
person 2046 1043 670 1188
person 2061 1015 649 1233
person 2063 1015 646 1226
person 2085 999 621 1239
person 2084 987 687 1214
person 2144 976 635 1224
person 2182 1018 582 1199
person 2222 1010 557 1219
person 2238 1034 547 1165
person 2234 1035 589 1174
person 2227 1021 632 1174
person 2229 1007 645 1188
person 2229 1023 645 1168
person 2205 1031 704 1152
person 2250 1034 693 1156
person 2266 1056 702 1127
person 2278 1070 695 1102
person 2272 1058 716 1110
person 2296 1055 678 1112
person 2288 1059 699 1106
person 2293 1017 693 1168
person 2299 1034 681 1133
person 2293 1018 696 1187
person 2298 1061 691 1123
person 2305 1052 676 1133
person 2295 1061 690 1121
person 2332 1054 694 1158
person 2337 1034 692 1188
person 2323 1069 720 1137
person 2327 1062 717 1150
person 2325 1061 714 1151
person 2326 1056 711 1164
person 2330 1049 710 1177
person 2332 1045 705 1180
person 2329 1065 712 1137
person 2340 1058 680 1150
person 2337 1056 686 1156
person 2340 1060 685 1152
person 2341 1033 683 1184
person 2354 1029 656 1184
person 2334 1063 692 1064
person 2337 1054 695 1088
person 2358 1013 655 1203
person 2360 1017 645 1215
person 2358 1024 638 1199
person 2362 1040 635 1171
