2309.5 1178.2857142857142
2309.426589731848 1178.3631580850836
2309.2500645583104 1178.8512146876753
2309.0577747535795 1179.7105192711558
2308.83854689488 1180.8462095459784
2308.6140875952283 1182.325214940037
2308.471124384717 1184.0093649661533
2308.422800423899 1185.7154717024957
2308.522557916352 1187.4582134162827
2308.790787252291 1188.9990324506734
2309.2150862550607 1189.8656182631519
2309.814185908493 1190.0949252421485
2310.6829773543814 1189.8914134447214
2311.940374362426 1189.5465977526426
2313.965534090879 1189.313556814351
2316.9493027770786 1188.8414343312331
2320.6173601179453 1187.8695465360738
2324.815097166628 1186.3492693706482
2329.767362734444 1184.1166520950392
2335.8801510749345 1181.1290829727163
2343.190010410964 1178.0681682309196
2351.6415781346545 1175.4220181497424
2361.1515773079996 1173.3485517847275
2371.5307502141145 1172.0375650119624
2382.6574891819137 1171.1403957823297
2394.3331060434853 1170.2145270521082
2406.2422227123798 1169.326327696916
2418.1234014079823 1168.7803340757685
2430.2291308020617 1168.6296776623926
2442.8807540827293 1169.089508239823
2455.9645654039214 1170.4278095404698
2469.2172206920463 1172.388411734135
2482.407326446171 1174.5754632550031
2495.345166989327 1176.894922865125
2507.866493929298 1178.765942858153
2519.833224222704 1179.9852482438084
2531.1530552414506 1180.7022244847096
2541.8000992276143 1181.4014389209465
2551.746850019171 1182.472912314875
2560.9288256692325 1183.7995024275685
2569.763922289842 1185.3002696637368
2578.60949857285 1186.5526068896622
2587.3118518521715 1187.8086470085088
2595.7486325402047 1189.3701053074094
2603.79526406003 1191.022391750488
2611.340564008909 1192.6280832912025
2618.391404034914 1194.0144939830084
2624.960429424041 1195.0756491508319
2631.036579958869 1196.0874689274358
2636.5709634510436 1197.191300921681
2641.538529774135 1198.2279992634521
2646.014233719592 1199.220923580365
2650.0612976658376 1199.8599524084511
2653.703071413311 1199.851961754447
2656.943158831743 1199.7648989784584
2659.850579755643 1199.914579886069
2662.511526533133 1199.5956647856683
2664.912023451215 1198.5023633260143
2666.9773153062947 1197.0087370584436
2668.724475785339 1195.5474660869327
