3840.0 2160.0 25.0
person 44 1087 602 1060
person 42 1086 598 1057
person 43 1077 610 1064
person 39 1076 601 1055
person 43 1091 592 1032
person 40 1096 588 1023
person 37 1108 457 1034
person 38 1118 453 1019
person 36 1098 454 1039
person 34 1091 458 1047
person 42 1107 447 1026
person 40 1108 447 1027
person 42 1109 442 1027
person 38 1110 449 1026
person 41 1112 444 1030
person 44 1111 449 1025
person 47 1108 443 1033
person 46 1104 448 1029
person 41 1119 463 1016
person 56 1010 521 1189
person 37 1031 547 1161
person 35 1055 568 1122
person 21 1063 600 1101
person -7 1091 663 1036
person 26 1032 614 1168
person 55 1013 592 1195
person 88 1048 601 1128
person 114 1011 611 1193
person 154 1019 626 1155
person 157 1016 609 1162
person 150 1027 650 1158
person 155 1009 653 1176
person 213 1007 629 1173
person 235 1012 603 1163
person 344 980 605 1236
person 365 946 590 1292
person 394 932 547 1322
person 429 947 556 1257
person 462 962 565 1233
person 494 982 530 1200
person 480 972 541 1221
person 479 1006 576 1160
person 470 998 637 1199
person 492 1020 573 1122
person 498 1013 622 1177
person 510 1023 600 1168
person 602 1039 668 1170
person 601 1029 684 1189
person 634 1030 622 1189
person 634 1035 604 1171
person 654 1004 577 1207
person 652 974 577 1244
person 668 938 558 1292
person 673 956 565 1209
person 677 961 580 1200
person 708 986 554 989
person 742 999 564 947
person 753 978 544 988
person 775 992 546 927
person 777 984 541 950
person 782 1022 519 860
person 775 1013 536 866
person 814 1000 511 907
person 831 1018 529 894
person 847 1027 534 892
person 847 989 561 1179
person 876 1024 532 1104
person 922 1055 594 1050
person 951 985 534 1180
person 960 1003 520 1138
person 1006 931 461 1267
person 1023 947 479 1239
person 1055 960 488 1205
person 1068 976 485 1170
person 1071 980 524 1176
person 1091 959 513 1214
person 1107 934 535 1264
person 1131 984 531 1164
person 1150 998 524 1153
person 1136 1023 561 1094
person 1184 925 519 1278
person 1226 954 554 1197
person 1250 915 526 1291
person 1257 939 518 1242
person 1283 904 522 1339
person 1346 900 451 1334
person 1345 938 490 1257
person 1346 979 529 1181
person 1351 967 537 1205
person 1390 961 516 1209
person 1408 941 502 1256
person 1421 985 514 1160
person 1437 959 499 1226
person 1454 956 506 1232
person 1469 911 495 1312
person 1437 879 524 1389
person 1453 899 510 1369
person 1474 909 494 1345
person 1496 915 484 1301
person 1468 904 539 1351
person 1472 929 550 1325
person 1471 937 555 1314
person 1475 947 553 1285
person 1518 966 544 1223
person 1524 960 538 1244
person 1527 929 541 1305
person 1533 933 533 1281
person 1528 929 550 1282
person 1531 905 563 1323
person 1541 910 540 1320
person 1535 908 562 1328
person 1539 944 556 1259
person 1571 914 494 1319
person 1580 904 490 1338
person 1583 894 486 1350
person 1594 928 484 1287
person 1605 950 495 1251
person 1613 964 517 1236
person 1628 977 517 1218
person 1640 988 533 1208
person 1642 1024 558 1147
person 1647 1024 576 1148
person 1630 1023 607 1150
person 1648 1022 601 1129
person 1670 1012 602 1173
person 1700 1024 598 1167
person 1727 1047 580 1123
person 1736 1009 613 1186
person 1722 1051 635 1099
person 1777 1042 625 1128
person 1811 1094 557 1072
person 1824 1073 552 1094
person 1834 1061 557 1124
person 1822 1082 585 1087
person 1826 1084 579 1086
person 1845 1098 575 1053
person 1849 1074 575 1105
person 1854 1085 581 1078
person 1849 1077 594 1110
person 1843 1092 609 1097
person 1837 1082 627 1093
person 1843 1085 593 1093
person 1847 1076 598 1129
person 1846 1073 608 1109
person 1844 1075 612 1104
person 1840 1062 613 1122
person 1838 1055 614 1141
person 1820 1059 638 1128
person 1812 1051 648 1122
person 1793 1052 675 1126
person 1798 1049 659 1127
person 1815 1060 649 1109
person 1814 1072 667 1090
person 1797 1069 688 1092
person 1809 1053 703 1137
person 1833 1059 690 1125
person 1858 1066 677 1111
person 1870 1051 671 1122
person 1874 1038 662 1147
person 1903 1044 633 1133
person 1911 1050 642 1135
person 1912 1055 646 1138
person 1916 1029 666 1171
person 1919 1035 679 1145
person 1922 1035 687 1151
person 1903 1040 733 1152
person 1916 1034 715 1165
person 1917 1049 730 1139
person 1925 1045 721 1144
person 1941 1051 714 1143
person 1942 1044 733 1131
person 1959 1052 725 1143
person 1963 1063 725 1135
person 1969 1048 705 1143
person 1963 1050 712 1140
person 1960 1050 715 1141
person 1956 1041 717 1149
person 1962 1065 698 1130
person 1951 1049 710 1146
person 1939 1058 745 1139
person 1944 1072 730 1100
person 1928 1069 755 1105
person 1931 1053 737 1126
person 1934 1060 738 1117
person 1924 1042 730 1119
person 1927 1046 723 1128
person 1923 1043 713 1148
person 1921 1031 709 1157
person 1916 1044 712 1140
person 1912 1034 695 1136
person 1920 1035 684 1132
person 1921 1044 670 1130
person 1914 1032 674 1135
person 1907 1049 675 1136
person 1901 1027 678 1166
person 1902 1012 691 1185
person 1896 1007 718 1189
person 1882 1019 745 1176
person 1883 1032 743 1148
person 1883 1031 737 1156
person 1888 1037 730 1140
person 1879 1026 732 1164
person 1884 1040 728 1136
person 1888 1038 704 1142
person 1890 1030 696 1158
person 1877 1036 700 1146
person 1873 1034 703 1151
person 1880 1032 703 1145
person 1879 1033 698 1147
person 1859 1040 725 1133
person 1860 1026 699 1159
person 1863 1054 687 1123
person 1834 1085 703 1073
person 1832 1089 701 1062
person 1835 1086 697 1062
person 1836 1080 701 1070
person 1836 1083 703 1061
person 1834 1084 707 1059
person 1830 1079 712 1063
person 1816 1090 722 1049
person 1815 1083 716 1066
person 1820 1091 715 1046
person 1818 1084 719 1056
person 1815 1078 721 1071
person 1825 1076 706 1079
person 1819 1085 713 1053
person 1829 1084 702 1072
person 1828 1088 704 1058
person 1842 1098 685 1051
person 1840 1093 683 1058
person 1834 1089 705 1064
person 1840 1081 692 1078
person 1844 1077 701 1090
person 1848 1077 699 1089
person 1849 1085 692 1067
person 1866 1080 680 1093
person 1881 1079 668 1106
person 1883 1069 665 1103
person 1887 1062 675 1105
person 1907 1042 669 1140
person 1916 1043 677 1144
person 1912 1042 711 1145
person 1922 1059 745 1146
person 1942 1076 751 1108
person 1960 1095 757 1091
person 1997 1110 694 1045
person 2037 1063 692 1161
person 2043 1041 698 1155
person 2064 1040 678 1162
person 2067 1051 704 1133
person 2087 1075 744 1097
person 2086 1071 759 1103
person 2131 1080 695 1093
person 2140 1056 681 1112
person 2141 1051 683 1119
person 2147 1041 679 1124
person 2176 1054 649 1110
person 2190 1053 632 1104
person 2179 1057 635 1104
person 2175 1060 635 1091
person 2165 1067 638 1085
person 2143 1083 668 1082
person 2138 1081 669 1066
person 2142 1069 658 1088
person 2118 1073 674 1082
person 2117 1070 669 1102
person 2107 1044 641 1120
person 2072 1048 678 1100
person 2067 1065 651 1096
person 2072 1079 620 1051
person 2067 1047 624 1091
person 1996 1097 698 1043
person 2002 1119 653 969
person 1974 1086 659 1036
person 1970 1079 661 1035
person 1946 1091 660 1016
