345.0 1242.2857142857142
344.95482445036794 1242.2728069858194
344.914825659363 1242.122625285948
344.85704367572055 1241.7549648513586
344.6926063054676 1241.4189255385238
344.39254722523174 1241.3579226353693
343.1743160514293 1241.7130104385046
340.58427824264055 1242.6358667292743
337.02668705037075 1243.8130548025244
332.8280039086078 1244.8187198559656
328.2833753296801 1245.8002724569394
323.59021707790055 1246.9480259321851
318.86482300572504 1248.2164128047102
314.20814772705836 1249.5696991285492
309.7033273050694 1250.9929812352834
305.47442755446616 1252.4471972081346
301.5960042265333 1253.8414404471291
298.0737040825387 1255.07404361885
294.93092529248634 1256.3078983087917
292.6555982954823 1256.2890621172126
291.4548163570251 1254.3221887389514
291.09377216839255 1251.5450670369007
291.46258334052936 1248.63145921043
292.4141233417187 1246.1397424078905
293.9010392105421 1243.5836943139452
296.0371066163349 1240.0826200242223
299.21091712423606 1236.194855783649
303.8137106014286 1232.0538451965879
310.2165748758484 1227.4779193047482
318.22470999148777 1222.7432057251383
327.3190593623823 1218.102320840958
337.21952279164515 1213.5306126867747
348.0775644028545 1208.8667929679564
359.97967622233057 1204.27826392196
373.71767546080406 1199.491520200838
389.7985833676494 1193.8418809443906
407.4575056407634 1187.0994097878581
426.40269320576226 1179.7354734837395
446.7079375308779 1172.4544455679945
468.11640635916285 1165.830761830299
489.91593350484254 1159.9402474585224
511.62120154860236 1155.0295202054936
533.2009585799533 1151.2428576100128
554.3320388612276 1148.5432197627047
574.9157393689027 1146.8660844023293
594.9848452205616 1146.0133180823354
615.6760357328376 1146.104677768045
637.7715005440516 1146.94306665531
660.5014954405788 1148.1986428621528
683.1161957932474 1149.8064649764804
705.1328161720016 1151.2950646789984
726.2806015809947 1151.9049594893709
746.3884503515802 1151.0381374297092
765.4666756686235 1148.9172746176346
783.6001263655983 1146.2124109953847
800.9759894108236 1143.5250180258738
818.0522680794909 1141.377046291455
834.9597991562974 1139.552906885178
851.6463324450152 1137.9322202421647
868.0445796681676 1136.5596049835992
883.8028027838459 1135.7915075867277
898.7063201169832 1135.8196662111334
912.9789938736773 1136.149752742693
927.0543549435296 1136.7681411001593
941.1616935881985 1137.914894484516
955.3315781388792 1139.0381271935375
969.5435871575703 1140.1150275245875
984.4983461681372 1141.9553804915226
1000.4647013186661 1143.7791333653918
1016.8298723830906 1144.9424542987651
1033.335292163091 1144.887538543994
1050.0497723582812 1143.2903604842443
1067.2371909583198 1140.96760933723
1084.9069606946225 1138.531089715991
1102.916842006358 1136.3088934084328
1121.1813631831271 1134.0678533073708
1139.6899589170566 1131.2870276709216
1158.5045584158515 1128.5197316309861
1177.5375101214204 1126.603977626554
1196.5278175958106 1125.8394882737766
1215.4252880882416 1124.9634486252996
1234.7990469187823 1123.2224749557427
1254.834744312348 1120.7361175090525
1275.053429602715 1117.6037304193558
1295.311934018501 1113.9068902375486
1315.7625267862102 1109.4085057269028
1336.4047376935878 1104.868336095253
1357.1620292910884 1101.3825191572766
1377.8674336076651 1099.0763300082897
1398.5001309136705 1097.4557901632004
1419.0539167754073 1096.0384654638221
1439.4324009425918 1095.12733013999
1459.5348889882232 1094.7967931576798
1479.3194013771763 1094.544182257478
1498.7642824432435 1093.7368221447412
1517.4406421872166 1091.5904223987577
1535.069134560096 1088.391770478609
1551.7934075863086 1084.867776418973
1567.824756806781 1081.381850879115
1583.1761957392234 1077.9296935903524
1597.8009883299308 1074.7678797132212
1611.6957930080614 1072.289529824412
1624.8069472784516 1070.586918729025
1637.5292553847614 1069.8503584233706
1650.130242575841 1069.982477633088
1662.4506792882241 1070.2705801278787
1674.3685402105252 1070.344932510991
1685.794617443201 1070.2588045534785
1696.758358510678 1069.7001416308135
1707.230075132129 1068.5865932285526
1717.1567100938328 1067.1284702737298
1726.5347551657064 1065.8924550793083
1735.3315772506337 1064.8900091291725
1743.6039065722223 1063.58962937497
1751.399699745558 1061.8519581141184
1758.8027618227816 1060.1532125684091
1766.050554051382 1059.2122027312578
1773.4155317179307 1059.2871817297184
1781.0741741663408 1060.4345945625137
1789.1627076865734 1062.6342338843383
1797.761164851408 1066.14713098301
1806.8531065608786 1070.9699526772567
1816.2355184574012 1076.6263252405092
1825.778000386474 1082.7399873998165
1835.6404771322175 1088.9114589738097
1846.0731059021307 1095.0251087832619
1857.190061693937 1101.4044693554436
1869.0389543894419 1107.623585574541
1881.3953728331255 1113.6762759638107
1894.3842145023978 1119.8644761166784
1908.0748490999724 1126.5792421668457
1922.0953696306788 1133.8837657257682
1936.30136358639 1141.0502834206334
1950.486312646834 1148.0871665687182
1964.3789793588303 1155.1545259365255
1977.958881386173 1162.294646431217
1991.2393255499323 1169.1903432602815
2004.1450322020153 1175.6117680417233
2016.5981207339576 1181.577513529188
2028.4835566845807 1187.1796370599757
2039.7470896477012 1192.4465696325867
2050.2205223425985 1197.2737352535996
2059.8493721277787 1201.596038042965
2068.7681955511557 1205.3104799101739
2077.018771828254 1208.4921071771917
2084.5644484819095 1211.073514525067
2091.379766119975 1212.9160653315607
2097.432356033657 1214.1492157838197
2102.701914030477 1214.8575598806688
2107.1940645426025 1215.0860017119317
2110.931800857212 1214.93411848363
2114.143964937132 1214.615192109857
2117.1207642320937 1214.468902722476
2119.8723502315834 1214.5566576076737
2122.5522300592233 1214.569968486346
2125.5242022051098 1214.4141375707536
2129.036457077325 1214.301259295707
2133.160736470038 1214.1125303444203
2137.7286601221303 1213.5248179617436
2142.677777863248 1212.5813409798338
2148.089496973565 1211.5495083110745
2153.8845548851896 1210.612604202431
2160.0213823201316 1209.4895697596567
2166.527134092328 1208.0209015938324
2173.3379554235116 1206.4052458338188
2180.3406445222654 1204.782574624935
2187.4172446530492 1203.1728132365463
2194.531274453227 1201.7290615346624
2201.646248288539 1200.5659642955452
2208.784726303866 1199.661506806601
2216.0346027826195 1198.9463950138029
2223.4645126124515 1198.403595680126
2231.045025595159 1198.2358997123072
2238.5665211643686 1198.2828998453524
2245.810850150921 1198.3304597286913
2252.6526386591663 1198.4014159219696
2259.0031546503487 1198.3716559224777
2264.7872348392207 1198.4710323081551
2269.9404300406313 1198.7438596746952
2274.532494858633 1199.0606968306645
2278.6463615182683 1199.6914195376096
2282.2573178192197 1200.665883079883
2285.3196308954807 1201.6262588183897
2287.893053304445 1202.4535958076337
2289.933872213561 1203.0180055834157
2291.390457999043 1203.2144875527142
2292.2839526478983 1203.1487277042536
2292.609113741942 1202.7029629278297
2292.432731094984 1202.0144901080282
2291.71787290699 1201.1918102155716
2290.524254087946 1200.1823453610277
2288.967372890404 1199.1873776333593
2287.0610010820747 1198.177870230724
2284.8163351712965 1197.2550767386401
2282.255706028643 1196.3356671457507
2279.558776198993 1194.980860500844
2276.985177857844 1193.0945557086693
2274.6304859138572 1190.9580855010431
2272.4809127715957 1188.9984196131816
2270.4933435899793 1187.3531951513726
2268.6522114823033 1186.0377088729351
2266.883025117145 1184.9205527854524
2265.154471490829 1184.0203932682612
2263.434312501949 1183.4398766060879
2261.6510796904995 1182.9769446713747
2259.715653835231 1182.5908660132866
2257.56800379838 1182.315303341703
2255.365787718231 1182.0761948292488
2253.206004865682 1181.857663679543
2251.013942653183 1181.7612110614357
2248.6423769256544 1181.6589395846052
2246.0320983865763 1181.7478881907768
2243.036613763725 1182.7103137582287
2239.5719789513378 1184.7103526601743
2235.8218271760934 1187.4299074249413
2231.9904231381024 1190.4993844205705
2228.226366653513 1193.722779814081
2224.60382538703 1197.0366518895007
2221.146141666813 1200.291468626238
2217.766206506236 1203.5143236223616
2214.3766740752185 1206.6854790537243
2211.0628559428887 1209.7690921486371
2207.923604461433 1212.7276241146528
2204.957036083032 1215.3692383247808
2202.1878161052196 1217.6251241218883
2199.6203930656798 1219.6437373484289
2197.2800971203033 1221.54117484304
2195.2031366543993 1223.3488227413052
2193.4135936881594 1225.2289507302382
2191.8852942970593 1227.1763333261315
2190.605040670582 1229.0184145999658
2189.579813399153 1230.5925179488665
2188.852953329465 1231.7898826282667
2188.481929173273 1232.6393947629058
2188.3808003693866 1233.3209362978953
2188.5759014811224 1233.8971610559083
2189.1992244956614 1234.3113371339375
2190.2202987346154 1234.4576717771665
2191.6149635354977 1234.1957516014554
2193.5372210426917 1233.3007177580416
2196.126362961067 1231.7379016590774
2199.4269921186396 1229.7231451083414
2203.614111217601 1227.6314104666992
2208.897512489554 1225.9530163257582
2215.3410643271723 1225.0609665368024
2222.769788871115 1225.1814885313474
2231.250501368867 1225.6085442538206
2240.82212723084 1225.4003867781605
2251.1963934775017 1224.4581027186725
2262.2238688532584 1223.1330107529777
2274.105364020851 1222.0006364967146
2286.8420752875677 1221.2696498710973
2300.137491630244 1220.91431165145
2313.708116686214 1220.637964700257
2327.226368718971 1220.0721711836525
2340.4779987988136 1219.1193006589542
2353.4471373460065 1217.953668903932
2366.1375343977097 1216.8021560053894
2378.2992346248034 1215.725625294119
2389.6666221082014 1214.8138167488844
2400.071046807378 1214.1679478554818
2409.3806254656593 1214.0199704183608
2417.567424707173 1214.4033228762228
2424.695795506186 1214.9853976899024
2430.7033403772325 1215.606614877463
2435.5579235738473 1216.2520534489925
2439.161211937424 1216.5293840897348
2441.3382688116376 1216.2725291264169
2442.0493575105506 1215.9006821026653
2441.3669044698577 1215.8383344656675
2439.5427101501746 1215.7573423492859
2436.5133239218917 1215.9255088127188
2432.130711027502 1217.1556439252633
2426.404793038351 1218.9687981903803
2419.531185334454 1220.6791699601426
2411.6654616998253 1222.3483715532436
