3840.0 2160.0 25.0
person 395 937 610 1266
person 411 916 589 1298
person 405 926 597 1281
person 416 943 596 1252
person 404 949 618 1245
person 409 955 625 1231
person 410 949 630 1240
person 407 952 629 1235
person 399 954 639 1236
person 395 946 657 1246
person 389 939 652 1257
person 398 940 652 1259
person 388 954 650 1239
person 393 948 642 1247
person 394 951 656 1243
person 394 942 644 1255
person 393 939 644 1254
person 387 937 639 1257
person 392 926 639 1277
person 392 907 631 1306
person 394 915 631 1294
person 394 917 638 1287
person 386 934 655 1263
person 389 934 648 1260
person 399 933 643 1260
person 390 927 641 1272
person 378 938 648 1252
person 371 939 637 1246
person 363 950 645 1225
person 366 940 637 1246
person 335 959 669 1200
person 368 947 635 1233
person 378 952 626 1223
person 372 935 613 1253
person 373 936 618 1254
person 375 939 613 1253
person 367 948 624 1239
person 375 935 613 1257
person 366 930 611 1266
person 365 931 610 1261
person 360 935 620 1253
person 357 940 628 1243
person 357 940 628 1251
person 354 942 633 1246
person 357 942 624 1252
person 353 941 623 1261
person 348 945 635 1246
person 353 946 622 1244
person 356 944 619 1249
person 355 945 625 1242
person 362 942 613 1250
person 356 944 612 1249
person 356 937 608 1260
person 360 940 602 1254
person 363 933 592 1273
person 368 932 589 1273
person 362 937 600 1267
person 333 955 642 1224
person 357 945 611 1256
person 332 958 637 1222
person 330 958 630 1229
person 331 960 634 1227
person 350 952 607 1248
person 348 964 614 1230
person 355 957 598 1236
person 356 970 598 1228
person 354 974 597 1234
person 355 965 597 1243
person 359 964 592 1245
person 360 960 589 1248
person 354 968 602 1241
person 352 968 602 1235
person 364 969 594 1235
person 361 953 589 1256
person 369 963 591 1226
person 368 962 589 1230
person 345 971 651 1227
person 381 956 584 1248
person 397 961 570 1242
person 405 969 575 1215
person 411 958 574 1233
person 416 963 587 1221
person 416 974 581 1204
person 440 996 566 1171
person 442 1010 564 1168
person 451 1021 557 1150
person 453 1025 555 1139
person 453 1032 557 1126
person 447 1033 570 1137
person 444 1031 559 1136
person 438 1042 566 1116
person 441 1044 566 1123
person 448 1037 567 1129
person 441 1037 568 1128
person 446 1039 584 1122
person 449 1053 581 1111
person 447 1079 590 1070
person 446 1067 584 1093
person 448 1074 591 1098
person 450 1072 593 1101
person 453 1071 583 1089
person 451 1072 583 1082
person 447 1073 597 1073
person 445 1080 607 1073
person 453 1069 597 1089
person 453 1060 593 1085
person 458 1074 592 1051
person 456 1044 587 1094
person 453 1035 595 1083
person 458 1027 621 1083
person 468 1021 588 1094
person 470 1010 594 1110
person 483 957 614 1224
person 481 937 621 1258
person 500 949 606 1231
person 514 974 630 1189
person 614 1008 643 1155
person 624 1000 616 1142
person 634 1021 622 1103
person 648 970 579 1014
person 680 1010 578 963
person 760 940 558 1228
person 772 942 552 1220
person 786 947 545 1214
person 774 993 563 979
person 787 989 556 1002
person 804 990 549 1001
person 831 998 538 982
person 860 1004 491 958
person 876 1007 490 950
lost 876 1007 490 950
person 896 998 501 1170
person 943 999 559 1179
person 964 987 563 1202
person 1013 981 508 1173
person 1043 995 496 1162
person 1065 1002 495 1147
person 1079 1008 519 1126
person 1108 1034 526 1115
person 1165 963 481 1185
person 1162 967 478 1188
person 1196 1000 457 1152
person 1198 979 467 1184
person 1243 980 522 1180
person 1254 930 512 1259
person 1258 917 510 1277
person 1263 909 518 1301
person 1294 897 521 1325
person 1332 934 470 1244
person 1348 956 447 1208
person 1348 961 486 1190
person 1344 1001 496 1131
person 1352 992 478 1150
person 1362 998 484 1142
person 1356 994 501 1146
person 1354 983 519 1164
person 1372 954 490 1210
person 1390 973 501 1175
person 1384 951 504 1221
person 1376 956 541 1208
person 1381 967 517 1179
person 1358 970 527 1192
person 1356 975 532 1196
person 1343 975 553 1183
person 1322 974 571 1174
person 1320 966 562 1198
person 1309 960 575 1206
person 1291 971 579 1186
person 1291 965 569 1193
person 1295 969 544 1182
person 1289 952 540 1216
person 1278 980 557 1160
person 1265 972 553 1176
person 1251 980 535 1157
person 1194 952 641 1220
person 1208 970 588 1197
person 1171 903 572 1347
person 1166 954 529 1205
person 1132 928 515 1278
person 1096 951 526 1238
person 1070 926 515 1282
person 1036 886 500 1344
person 1014 913 537 1330
person 991 912 554 1330
person 949 894 568 1378
person 839 912 598 1346
person 850 902 579 1340
person 807 983 564 983
person 747 990 614 974
person 734 1025 616 1077
person 714 1018 648 1082
person 689 979 633 1016
person 674 990 624 992
person 597 1014 695 1094
person 595 993 682 1151
person 611 980 663 1186
person 451 969 736 1199
person 466 951 704 1224
person 463 978 695 1190
person 400 1033 707 1061
person 403 1034 663 1081
person 338 965 645 1232
person 346 961 645 1242
person 328 956 648 1247
person 361 950 583 1276
person 364 976 562 1214
person 348 1009 576 1180
person 356 1005 549 1205
person 204 1080 637 1060
person 203 1081 624 1061
person 180 1086 613 1051
person 187 1059 591 1102
person 177 1099 592 1058
person 121 1050 616 1095
person 97 1072 569 1086
person 89 1069 551 1061
person 40 1077 641 1036
person 23 1071 660 1045
person -2 1086 684 1003
person -4 1080 659 1025
person -8 1070 654 1031
person 5 1067 613 1051
person 6 1061 611 1058
person 8 1048 602 1088
person 11 1065 600 1053
person 17 1055 586 1066
person 23 1053 502 1096
person 19 1032 513 1109
person 25 1038 494 1095
person 24 1035 495 1093
person 22 1030 483 1079
person 21 1021 492 1100
person 16 1015 496 1116
person 29 1018 465 1132
person 30 1024 450 1118
person 38 1036 441 1096
person 25 1016 450 1135
person 18 1024 449 1136
person 14 1052 441 1098
person 6 1032 446 1142
person 4 1049 440 1130
person 3 1038 429 1146
person 3 1063 421 1111
lost 3 1063 421 1111
lost 3 1063 421 1111
lost 3 1063 421 1111
lost 3 1063 421 1111
lost 3 1063 421 1111
lost 3 1063 421 1111
lost 3 1063 421 1111
lost 3 1063 421 1111
lost 3 1063 421 1111
lost 3 1063 421 1111
lost 3 1063 421 1111
lost 3 1063 421 1111
lost 3 1063 421 1111
lost 3 1063 421 1111
lost 3 1063 421 1111
lost 3 1063 421 1111
lost 3 1063 421 1111
lost 3 1063 421 1111
lost 3 1063 421 1111
lost 3 1063 421 1111
lost 3 1063 421 1111
lost 3 1063 421 1111
lost 3 1063 421 1111
lost 3 1063 421 1111
lost 3 1063 421 1111
lost 3 1063 421 1111
lost 3 1063 421 1111
lost 3 1063 421 1111
lost 3 1063 421 1111
lost 3 1063 421 1111
lost 3 1063 421 1111
lost 3 1063 421 1111
lost 3 1063 421 1111
lost 3 1063 421 1111
lost 3 1063 421 1111
lost 3 1063 421 1111
lost 3 1063 421 1111
lost 3 1063 421 1111
lost 3 1063 421 1111
lost 3 1063 421 1111
lost 3 1063 421 1111
lost 3 1063 421 1111
lost 3 1063 421 1111
lost 3 1063 421 1111
lost 3 1063 421 1111
lost 3 1063 421 1111
lost 3 1063 421 1111
lost 3 1063 421 1111
lost 3 1063 421 1111
lost 3 1063 421 1111
lost 3 1063 421 1111
lost 3 1063 421 1111
lost 3 1063 421 1111
lost 3 1063 421 1111
lost 3 1063 421 1111
lost 3 1063 421 1111
lost 3 1063 421 1111
lost 3 1063 421 1111
lost 3 1063 421 1111
person 0 1078 430 1082
lost 0 1078 430 1082
person 5 1045 433 1118
person -1 1061 435 1094
person -4 1058 434 1100
person 0 1049 432 1111
person 13 1038 428 1129
person 9 1039 432 1126
person 4 1037 433 1126
person 7 1026 435 1146
person 6 1029 437 1147
person 5 1030 435 1133
person 7 1027 432 1139
person 10 1025 430 1144
person 4 1011 434 1166
person 5 1004 433 1179
person 3 1013 434 1163
person 2 1016 438 1163
person 2 1015 434 1162
person 4 1014 434 1168
person 7 1016 433 1163
person 2 1013 434 1171
person 3 1027 432 1140
person 0 1025 432 1146
person 0 1028 431 1133
person -2 1030 436 1130
person 3 1024 437 1139
person 7 1026 437 1141
person 6 1031 433 1137
person 6 1022 429 1149
person 10 1034 422 1141
person 16 1038 417 1145
lost 16 1038 417 1145
lost 16 1038 417 1145
lost 16 1038 417 1145
lost 16 1038 417 1145
lost 16 1038 417 1145
lost 16 1038 417 1145
lost 16 1038 417 1145
lost 16 1038 417 1145
lost 16 1038 417 1145
lost 16 1038 417 1145
lost 16 1038 417 1145
lost 16 1038 417 1145
lost 16 1038 417 1145
lost 16 1038 417 1145
lost 16 1038 417 1145
lost 16 1038 417 1145
lost 16 1038 417 1145
lost 16 1038 417 1145
lost 16 1038 417 1145
lost 16 1038 417 1145
lost 16 1038 417 1145
lost 16 1038 417 1145
lost 16 1038 417 1145
lost 16 1038 417 1145
lost 16 1038 417 1145
lost 16 1038 417 1145
lost 16 1038 417 1145
lost 16 1038 417 1145
lost 16 1038 417 1145
lost 16 1038 417 1145
lost 16 1038 417 1145
lost 16 1038 417 1145
lost 16 1038 417 1145
lost 16 1038 417 1145
lost 16 1038 417 1145
lost 16 1038 417 1145
lost 16 1038 417 1145
lost 16 1038 417 1145
lost 16 1038 417 1145
lost 16 1038 417 1145
lost 16 1038 417 1145
lost 16 1038 417 1145
lost 16 1038 417 1145
lost 16 1038 417 1145
lost 16 1038 417 1145
lost 16 1038 417 1145
lost 16 1038 417 1145
lost 16 1038 417 1145
lost 16 1038 417 1145
lost 16 1038 417 1145
lost 16 1038 417 1145
lost 16 1038 417 1145
lost 16 1038 417 1145
lost 16 1038 417 1145
lost 16 1038 417 1145
lost 16 1038 417 1145
lost 16 1038 417 1145
lost 16 1038 417 1145
lost 16 1038 417 1145
lost 16 1038 417 1145
lost 16 1038 417 1145
lost 16 1038 417 1145
lost 16 1038 417 1145
lost 16 1038 417 1145
lost 16 1038 417 1145
lost 16 1038 417 1145
lost 16 1038 417 1145
lost 16 1038 417 1145
lost 16 1038 417 1145
lost 16 1038 417 1145
lost 16 1038 417 1145
lost 16 1038 417 1145
lost 16 1038 417 1145
lost 16 1038 417 1145
lost 16 1038 417 1145
lost 16 1038 417 1145
lost 16 1038 417 1145
lost 16 1038 417 1145
lost 16 1038 417 1145
lost 16 1038 417 1145
lost 16 1038 417 1145
lost 16 1038 417 1145
lost 16 1038 417 1145
lost 16 1038 417 1145
lost 16 1038 417 1145
lost 16 1038 417 1145
lost 16 1038 417 1145
lost 16 1038 417 1145
lost 16 1038 417 1145
lost 16 1038 417 1145
lost 16 1038 417 1145
lost 16 1038 417 1145
lost 16 1038 417 1145
lost 16 1038 417 1145
lost 16 1038 417 1145
lost 16 1038 417 1145
lost 16 1038 417 1145
lost 16 1038 417 1145
lost 16 1038 417 1145
lost 16 1038 417 1145
lost 16 1038 417 1145
lost 16 1038 417 1145
lost 16 1038 417 1145
lost 16 1038 417 1145
lost 16 1038 417 1145
lost 16 1038 417 1145
lost 16 1038 417 1145
lost 16 1038 417 1145
lost 16 1038 417 1145
lost 16 1038 417 1145
lost 16 1038 417 1145
lost 16 1038 417 1145
lost 16 1038 417 1145
lost 16 1038 417 1145
lost 16 1038 417 1145
lost 16 1038 417 1145
lost 16 1038 417 1145
lost 16 1038 417 1145
lost 16 1038 417 1145
lost 16 1038 417 1145
lost 16 1038 417 1145
lost 16 1038 417 1145
lost 16 1038 417 1145
lost 16 1038 417 1145
lost 16 1038 417 1145
lost 16 1038 417 1145
lost 16 1038 417 1145
lost 16 1038 417 1145
lost 16 1038 417 1145
lost 16 1038 417 1145
lost 16 1038 417 1145
lost 16 1038 417 1145
lost 16 1038 417 1145
lost 16 1038 417 1145
lost 16 1038 417 1145
lost 16 1038 417 1145
lost 16 1038 417 1145
lost 16 1038 417 1145
lost 16 1038 417 1145
lost 16 1038 417 1145
lost 16 1038 417 1145
lost 16 1038 417 1145
lost 16 1038 417 1145
lost 16 1038 417 1145
lost 16 1038 417 1145
lost 16 1038 417 1145
lost 16 1038 417 1145
lost 16 1038 417 1145
lost 16 1038 417 1145
lost 16 1038 417 1145
lost 16 1038 417 1145
lost 16 1038 417 1145
lost 16 1038 417 1145
lost 16 1038 417 1145
lost 16 1038 417 1145
lost 16 1038 417 1145
lost 16 1038 417 1145
lost 16 1038 417 1145
lost 16 1038 417 1145
lost 16 1038 417 1145
lost 16 1038 417 1145
lost 16 1038 417 1145
lost 16 1038 417 1145
lost 16 1038 417 1145
lost 16 1038 417 1145
lost 16 1038 417 1145
lost 16 1038 417 1145
lost 16 1038 417 1145
lost 16 1038 417 1145
lost 16 1038 417 1145
lost 16 1038 417 1145
lost 16 1038 417 1145
lost 16 1038 417 1145
lost 16 1038 417 1145
lost 16 1038 417 1145
lost 16 1038 417 1145
lost 16 1038 417 1145
lost 16 1038 417 1145
lost 16 1038 417 1145
lost 16 1038 417 1145
lost 16 1038 417 1145
lost 16 1038 417 1145
lost 16 1038 417 1145
lost 16 1038 417 1145
lost 16 1038 417 1145
lost 16 1038 417 1145
lost 16 1038 417 1145
lost 16 1038 417 1145
lost 16 1038 417 1145
lost 16 1038 417 1145
lost 16 1038 417 1145
lost 16 1038 417 1145
lost 16 1038 417 1145
lost 16 1038 417 1145
lost 16 1038 417 1145
lost 16 1038 417 1145
lost 16 1038 417 1145
lost 16 1038 417 1145
lost 16 1038 417 1145
lost 16 1038 417 1145
lost 16 1038 417 1145
lost 16 1038 417 1145
lost 16 1038 417 1145
lost 16 1038 417 1145
lost 16 1038 417 1145
lost 16 1038 417 1145
lost 16 1038 417 1145
lost 16 1038 417 1145
lost 16 1038 417 1145
lost 16 1038 417 1145
lost 16 1038 417 1145
lost 16 1038 417 1145
lost 16 1038 417 1145
lost 16 1038 417 1145
lost 16 1038 417 1145
lost 16 1038 417 1145
lost 16 1038 417 1145
lost 16 1038 417 1145
lost 16 1038 417 1145
lost 16 1038 417 1145
lost 16 1038 417 1145
lost 16 1038 417 1145
lost 16 1038 417 1145
lost 16 1038 417 1145
lost 16 1038 417 1145
lost 16 1038 417 1145
lost 16 1038 417 1145
lost 16 1038 417 1145
lost 16 1038 417 1145
lost 16 1038 417 1145
lost 16 1038 417 1145
lost 16 1038 417 1145
lost 16 1038 417 1145
lost 16 1038 417 1145
lost 16 1038 417 1145
lost 16 1038 417 1145
lost 16 1038 417 1145
lost 16 1038 417 1145
lost 16 1038 417 1145
lost 16 1038 417 1145
lost 16 1038 417 1145
lost 16 1038 417 1145
lost 16 1038 417 1145
lost 16 1038 417 1145
lost 16 1038 417 1145
lost 16 1038 417 1145
lost 16 1038 417 1145
lost 16 1038 417 1145
lost 16 1038 417 1145
lost 16 1038 417 1145
lost 16 1038 417 1145
lost 16 1038 417 1145
lost 16 1038 417 1145
lost 16 1038 417 1145
lost 16 1038 417 1145
lost 16 1038 417 1145
lost 16 1038 417 1145
lost 16 1038 417 1145
lost 16 1038 417 1145
lost 16 1038 417 1145
lost 16 1038 417 1145
lost 16 1038 417 1145
lost 16 1038 417 1145
lost 16 1038 417 1145
lost 16 1038 417 1145
lost 16 1038 417 1145
lost 16 1038 417 1145
lost 16 1038 417 1145
lost 16 1038 417 1145
lost 16 1038 417 1145
lost 16 1038 417 1145
lost 16 1038 417 1145
lost 16 1038 417 1145
lost 16 1038 417 1145
lost 16 1038 417 1145
lost 16 1038 417 1145
lost 16 1038 417 1145
lost 16 1038 417 1145
lost 16 1038 417 1145
lost 16 1038 417 1145
lost 16 1038 417 1145
lost 16 1038 417 1145
lost 16 1038 417 1145
lost 16 1038 417 1145
lost 16 1038 417 1145
lost 16 1038 417 1145
lost 16 1038 417 1145
lost 16 1038 417 1145
lost 16 1038 417 1145
lost 16 1038 417 1145
lost 16 1038 417 1145
lost 16 1038 417 1145
lost 16 1038 417 1145
lost 16 1038 417 1145
lost 16 1038 417 1145
lost 16 1038 417 1145
lost 16 1038 417 1145
lost 16 1038 417 1145
lost 16 1038 417 1145
lost 16 1038 417 1145
lost 16 1038 417 1145
lost 16 1038 417 1145
lost 16 1038 417 1145
lost 16 1038 417 1145
lost 16 1038 417 1145
lost 16 1038 417 1145
lost 16 1038 417 1145
lost 16 1038 417 1145
lost 16 1038 417 1145
lost 16 1038 417 1145
lost 16 1038 417 1145
lost 16 1038 417 1145
lost 16 1038 417 1145
lost 16 1038 417 1145
lost 16 1038 417 1145
lost 16 1038 417 1145
lost 16 1038 417 1145
lost 16 1038 417 1145
lost 16 1038 417 1145
lost 16 1038 417 1145
lost 16 1038 417 1145
lost 16 1038 417 1145
lost 16 1038 417 1145
lost 16 1038 417 1145
lost 16 1038 417 1145
lost 16 1038 417 1145
lost 16 1038 417 1145
lost 16 1038 417 1145
lost 16 1038 417 1145
lost 16 1038 417 1145
lost 16 1038 417 1145
lost 16 1038 417 1145
lost 16 1038 417 1145
lost 16 1038 417 1145
lost 16 1038 417 1145
lost 16 1038 417 1145
lost 16 1038 417 1145
lost 16 1038 417 1145
lost 16 1038 417 1145
lost 16 1038 417 1145
lost 16 1038 417 1145
lost 16 1038 417 1145
lost 16 1038 417 1145
lost 16 1038 417 1145
lost 16 1038 417 1145
lost 16 1038 417 1145
lost 16 1038 417 1145
lost 16 1038 417 1145
lost 16 1038 417 1145
lost 16 1038 417 1145
lost 16 1038 417 1145
lost 16 1038 417 1145
lost 16 1038 417 1145
lost 16 1038 417 1145
lost 16 1038 417 1145
lost 16 1038 417 1145
lost 16 1038 417 1145
lost 16 1038 417 1145
lost 16 1038 417 1145
lost 16 1038 417 1145
lost 16 1038 417 1145
lost 16 1038 417 1145
lost 16 1038 417 1145
lost 16 1038 417 1145
lost 16 1038 417 1145
lost 16 1038 417 1145
lost 16 1038 417 1145
lost 16 1038 417 1145
lost 16 1038 417 1145
lost 16 1038 417 1145
lost 16 1038 417 1145
lost 16 1038 417 1145
lost 16 1038 417 1145
lost 16 1038 417 1145
lost 16 1038 417 1145
lost 16 1038 417 1145
lost 16 1038 417 1145
lost 16 1038 417 1145
lost 16 1038 417 1145
lost 16 1038 417 1145
lost 16 1038 417 1145
lost 16 1038 417 1145
lost 16 1038 417 1145
lost 16 1038 417 1145
lost 16 1038 417 1145
lost 16 1038 417 1145
lost 16 1038 417 1145
lost 16 1038 417 1145
lost 16 1038 417 1145
lost 16 1038 417 1145
lost 16 1038 417 1145
lost 16 1038 417 1145
lost 16 1038 417 1145
lost 16 1038 417 1145
lost 16 1038 417 1145
lost 16 1038 417 1145
lost 16 1038 417 1145
lost 16 1038 417 1145
lost 16 1038 417 1145
lost 16 1038 417 1145
lost 16 1038 417 1145
lost 16 1038 417 1145
lost 16 1038 417 1145
lost 16 1038 417 1145
lost 16 1038 417 1145
lost 16 1038 417 1145
lost 16 1038 417 1145
lost 16 1038 417 1145
lost 16 1038 417 1145
lost 16 1038 417 1145
lost 16 1038 417 1145
lost 16 1038 417 1145
lost 16 1038 417 1145
lost 16 1038 417 1145
lost 16 1038 417 1145
lost 16 1038 417 1145
lost 16 1038 417 1145
lost 16 1038 417 1145
lost 16 1038 417 1145
lost 16 1038 417 1145
lost 16 1038 417 1145
lost 16 1038 417 1145
lost 16 1038 417 1145
lost 16 1038 417 1145
lost 16 1038 417 1145
lost 16 1038 417 1145
lost 16 1038 417 1145
lost 16 1038 417 1145
lost 16 1038 417 1145
lost 16 1038 417 1145
lost 16 1038 417 1145
lost 16 1038 417 1145
lost 16 1038 417 1145
lost 16 1038 417 1145
lost 16 1038 417 1145
lost 16 1038 417 1145
lost 16 1038 417 1145
lost 16 1038 417 1145
lost 16 1038 417 1145
lost 16 1038 417 1145
lost 16 1038 417 1145
lost 16 1038 417 1145
lost 16 1038 417 1145
lost 16 1038 417 1145
lost 16 1038 417 1145
lost 16 1038 417 1145
lost 16 1038 417 1145
lost 16 1038 417 1145
lost 16 1038 417 1145
lost 16 1038 417 1145
lost 16 1038 417 1145
lost 16 1038 417 1145
person 11 1024 436 1129
lost 11 1024 436 1129
person 12 1033 435 1124
person 14 1025 438 1139
lost 14 1025 438 1139
person 10 1039 446 1106
person 7 1023 445 1128
person 17 1026 433 1127
person 16 1020 437 1136
person 15 1001 444 1163
person 15 992 445 1174
person 17 991 437 1185
person 15 999 432 1177
person 14 1012 440 1153
person 16 1016 436 1149
person 11 1009 441 1162
person 15 991 435 1196
person 12 1003 438 1169
person 19 996 442 1173
person 23 975 450 1209
person 17 979 457 1208
person 15 972 466 1216
person 23 1004 469 1151
person 30 1011 458 1133
person 21 997 460 1156
person 35 999 447 1160
person 17 997 473 1151
person 18 1014 485 1127
person 18 1022 511 1098
person 22 1003 587 1147
person -1 989 652 1170
person -7 996 669 1157
person -7 1002 664 1151
person -2 967 682 1182
person 2 981 722 1159
person 2 985 747 1151
person 63 941 660 1253
person 88 955 671 1232
person 117 940 675 1258
person 110 947 676 1249
person 131 953 657 1233
person 123 962 681 1229
person 122 956 679 1232
person 134 952 660 1242
person 130 965 673 1223
person 122 983 679 1195
person 122 974 675 1208
person 126 949 675 1239
person 130 938 685 1250
person 145 934 659 1268
person 147 916 650 1292
person 154 927 640 1284
person 161 929 626 1283
person 155 940 641 1258
person 161 948 630 1240
person 166 927 628 1277
person 173 920 620 1286
person 183 925 590 1271
person 187 916 585 1290
person 185 929 587 1270
person 193 918 576 1293
person 217 915 567 1291
person 226 910 568 1300
person 227 913 568 1292
person 225 911 564 1295
person 225 919 570 1281
person 226 915 565 1291
person 235 907 557 1308
person 232 916 556 1287
person 220 915 569 1289
person 217 924 574 1273
person 219 920 565 1281
person 226 918 560 1282
person 206 923 577 1269
person 212 924 570 1271
person 211 928 580 1262
person 219 934 583 1255
person 209 933 608 1249
person 213 901 578 1307
person 193 911 596 1292
person 183 926 611 1272
person 173 935 621 1257
person 159 953 636 1235
person 155 969 646 1220
person 140 982 679 1196
person 134 989 682 1183
person 129 976 680 1212
person 117 967 705 1216
person 114 965 709 1213
person 108 965 691 1218
person 101 958 689 1239
person 81 958 660 1236
person 50 964 667 1211
person 26 959 683 1224
person -24 979 748 1172
person -23 979 731 1190
person -19 985 678 1178
person 23 930 578 1280
person 4 1008 546 1114
person 3 990 528 1140
person -6 978 518 1167
person 10 977 481 1185
person 15 986 455 1190
person 12 1005 458 1170
person 9 988 458 1186
person 13 998 444 1195
person 13 1014 442 1170
person 4 1037 451 1122
person 3 1036 443 1130
person 3 1025 453 1139
person 3 1041 445 1126
person 0 1063 445 1098
person 0 1052 445 1106
person -2 1042 442 1127
person 2 1047 436 1115
person 6 1056 430 1107
person 0 1048 434 1107
person 0 1046 433 1114
person 4 1056 434 1102
lost 4 1056 434 1102
lost 4 1056 434 1102
lost 4 1056 434 1102
person 6 1056 430 1109
lost 6 1056 430 1109
lost 6 1056 430 1109
lost 6 1056 430 1109
lost 6 1056 430 1109
lost 6 1056 430 1109
lost 6 1056 430 1109
lost 6 1056 430 1109
lost 6 1056 430 1109
lost 6 1056 430 1109
lost 6 1056 430 1109
lost 6 1056 430 1109
lost 6 1056 430 1109
lost 6 1056 430 1109
lost 6 1056 430 1109
lost 6 1056 430 1109
lost 6 1056 430 1109
lost 6 1056 430 1109
lost 6 1056 430 1109
lost 6 1056 430 1109
lost 6 1056 430 1109
lost 6 1056 430 1109
person -1 1058 438 1099
person -1 1103 443 1034
person 0 1089 441 1051
person -2 1093 443 1044
person 0 1082 442 1057
person 3 1080 443 1060
person -1 1092 442 1044
person -3 1089 435 1059
person 4 1063 430 1096
person -3 1063 439 1095
person 0 1068 437 1100
person 0 1094 435 1059
person -1 1097 439 1053
person -4 1102 442 1042
person -5 1098 442 1052
person -7 1101 443 1047
person -8 1090 442 1061
person -3 1097 439 1049
person 1 1087 438 1063
person -4 1093 442 1051
person 0 1096 438 1047
person -4 1089 439 1059
person 3 1083 439 1069
person 2 1085 436 1065
person 0 1090 438 1053
person 1 1081 436 1070
person -4 1064 439 1093
person -3 1071 439 1080
person -2 1068 436 1081
person 1 1062 432 1097
person 0 1030 443 1132
person 2 1044 438 1116
person 4 1045 438 1112
person 1 1032 439 1128
person 1 1054 435 1101
person 2 1042 433 1120
person -1 1038 436 1123
person -4 1044 438 1122
person -5 1038 442 1126
person 0 1040 439 1119
person 0 1033 441 1132
person 5 1027 437 1141
person 1 1037 437 1129
person -2 1030 443 1129
person -1 1020 442 1153
person 0 1023 440 1146
person -5 1035 447 1122
person -3 1044 443 1112
person -7 1051 447 1105
person -5 1050 443 1102
person -8 1056 447 1092
person -5 1043 441 1108
person -4 1042 441 1106
person -7 1052 444 1091
person -2 1048 437 1100
person -1 1046 438 1102
person -1 1051 439 1099
person -1 1045 440 1106
person 0 1039 442 1111
person 3 1028 442 1128
person 2 1035 437 1115
person 0 1026 439 1133
person 1 1037 438 1121
person 1 1035 439 1123
person -3 1043 440 1110
person 0 1041 436 1115
person 0 1041 439 1124
person 0 1048 439 1114
person -2 1044 441 1118
person -2 1056 438 1107
person -5 1064 439 1095
person -4 1056 438 1102
person -5 1051 442 1110
person 5 1040 436 1120
person -1 1044 438 1111
person -2 1043 443 1110
person 0 1046 435 1101
person -4 1057 440 1084
person -10 1038 444 1120
person -4 1032 443 1124
person -5 1037 443 1117
person -1 1035 438 1118
person 0 1032 437 1123
person 0 1037 438 1112
person 0 1033 441 1110
person -6 1053 446 1087
person -4 1026 452 1127
person -1 995 460 1172
person 7 996 463 1165
person 12 994 466 1170
person 15 997 471 1152
person 22 999 472 1150
person 27 997 466 1158
person 25 999 473 1153
person 26 1002 482 1154
person 28 1015 483 1132
person 35 1003 565 1143
person 22 1000 594 1149
person 15 964 613 1235
person 32 957 617 1233
person 33 963 611 1215
person 25 937 643 1257
person 74 884 570 1366
person 94 868 535 1406
person 106 881 544 1374
person 137 905 518 1329
person 155 926 534 1282
person 160 929 553 1273
person 162 942 574 1250
person 182 968 567 1206
person 199 971 556 1203
person 236 978 555 1193
person 326 983 597 1214
person 329 943 577 1293
person 333 970 571 1249
person 339 931 582 1324
person 354 904 574 1382
person 384 930 562 1337
person 407 935 560 1317
person 440 986 549 1191
person 445 1021 558 1142
person 457 1011 563 1157
person 467 994 599 1180
person 471 1019 614 1139
person 497 1032 617 1101
person 523 1028 611 1175
person 547 1004 576 1196
person 615 1018 639 1168
person 631 999 604 1211
person 651 962 564 1265
person 644 1013 580 1163
person 665 1002 566 1170
person 676 1014 566 1127
person 692 1021 541 1111
person 731 1036 544 896
person 749 1037 543 889
person 748 1028 547 905
person 759 1030 559 878
person 768 1021 553 869
person 770 1020 559 863
person 799 1025 543 890
person 839 1023 550 924
person 847 1029 555 1096
person 940 1090 551 1010
person 948 1060 551 1082
person 972 1043 524 1128
person 1049 997 470 1165
person 1062 992 481 1160
person 1137 1022 321 1121
person 1160 940 456 1228
person 1181 956 451 1204
person 1201 956 446 1209
person 1250 1000 527 1147
person 1241 975 541 1191
person 1290 946 467 1227
person 1307 916 487 1286
person 1342 927 489 1256
person 1381 943 517 1226
person 1450 908 484 1302
person 1482 951 477 1232
person 1486 974 491 1180
person 1539 987 526 1161
person 1576 964 474 1202
person 1612 956 439 1220
person 1633 921 457 1309
person 1681 928 443 1281
person 1738 969 435 1230
person 1796 941 432 1256
person 1795 965 466 1195
person 1845 953 494 1230
person 1862 937 487 1306
person 1911 954 488 1251
person 1969 1028 537 1110
person 2018 1047 528 1097
person 2044 1039 539 1101
person 2134 1017 511 1165
person 2139 996 499 1210
person 2135 978 518 1198
person 2190 911 497 1334
person 2257 947 519 1248
person 2312 930 537 1277
person 2309 952 581 1225
person 2319 967 590 1205
person 2399 962 594 1235
person 2425 1019 616 1139
person 2480 1072 650 1051
person 2557 1007 599 1175
person 2601 1023 591 1148
person 2670 1015 637 1147
person 2739 988 548 1224
person 2792 1001 519 1192
person 2851 1006 530 1167
person 2852 984 577 1199
person 2893 949 521 1255
person 2950 955 511 1219
person 3029 963 493 1219
person 3076 947 496 1239
person 3109 970 528 1198
person 3118 996 580 1166
person 3168 968 553 1218
person 3223 1010 541 1135
person 3306 980 531 1184
person 3381 1011 452 1146
person 3437 1036 391 1118
person 3476 979 387 1208
person 3513 992 335 1188
lost 3513 992 335 1188
lost 3513 992 335 1188
lost 3513 992 335 1188
lost 3513 992 335 1188
lost 3513 992 335 1188
lost 3513 992 335 1188
lost 3513 992 335 1188
lost 3513 992 335 1188
lost 3513 992 335 1188
lost 3513 992 335 1188
lost 3513 992 335 1188
lost 3513 992 335 1188
lost 3513 992 335 1188
lost 3513 992 335 1188
lost 3513 992 335 1188
lost 3513 992 335 1188
lost 3513 992 335 1188
lost 3513 992 335 1188
lost 3513 992 335 1188
lost 3513 992 335 1188
lost 3513 992 335 1188
lost 3513 992 335 1188
lost 3513 992 335 1188
lost 3513 992 335 1188
lost 3513 992 335 1188
lost 3513 992 335 1188
lost 3513 992 335 1188
lost 3513 992 335 1188
lost 3513 992 335 1188
lost 3513 992 335 1188
lost 3513 992 335 1188
lost 3513 992 335 1188
lost 3513 992 335 1188
lost 3513 992 335 1188
lost 3513 992 335 1188
lost 3513 992 335 1188
lost 3513 992 335 1188
lost 3513 992 335 1188
lost 3513 992 335 1188
lost 3513 992 335 1188
lost 3513 992 335 1188
lost 3513 992 335 1188
lost 3513 992 335 1188
lost 3513 992 335 1188
lost 3513 992 335 1188
lost 3513 992 335 1188
lost 3513 992 335 1188
lost 3513 992 335 1188
lost 3513 992 335 1188
lost 3513 992 335 1188
lost 3513 992 335 1188
lost 3513 992 335 1188
lost 3513 992 335 1188
lost 3513 992 335 1188
lost 3513 992 335 1188
lost 3513 992 335 1188
lost 3513 992 335 1188
lost 3513 992 335 1188
lost 3513 992 335 1188
lost 3513 992 335 1188
lost 3513 992 335 1188
lost 3513 992 335 1188
lost 3513 992 335 1188
lost 3513 992 335 1188
lost 3513 992 335 1188
lost 3513 992 335 1188
lost 3513 992 335 1188
lost 3513 992 335 1188
lost 3513 992 335 1188
lost 3513 992 335 1188
lost 3513 992 335 1188
lost 3513 992 335 1188
lost 3513 992 335 1188
lost 3513 992 335 1188
lost 3513 992 335 1188
lost 3513 992 335 1188
lost 3513 992 335 1188
lost 3513 992 335 1188
lost 3513 992 335 1188
lost 3513 992 335 1188
lost 3513 992 335 1188
lost 3513 992 335 1188
lost 3513 992 335 1188
lost 3513 992 335 1188
lost 3513 992 335 1188
lost 3513 992 335 1188
lost 3513 992 335 1188
lost 3513 992 335 1188
lost 3513 992 335 1188
lost 3513 992 335 1188
lost 3513 992 335 1188
lost 3513 992 335 1188
lost 3513 992 335 1188
lost 3513 992 335 1188
lost 3513 992 335 1188
lost 3513 992 335 1188
lost 3513 992 335 1188
lost 3513 992 335 1188
lost 3513 992 335 1188
lost 3513 992 335 1188
lost 3513 992 335 1188
lost 3513 992 335 1188
lost 3513 992 335 1188
lost 3513 992 335 1188
lost 3513 992 335 1188
lost 3513 992 335 1188
lost 3513 992 335 1188
lost 3513 992 335 1188
lost 3513 992 335 1188
lost 3513 992 335 1188
lost 3513 992 335 1188
lost 3513 992 335 1188
lost 3513 992 335 1188
lost 3513 992 335 1188
lost 3513 992 335 1188
lost 3513 992 335 1188
lost 3513 992 335 1188
lost 3513 992 335 1188
lost 3513 992 335 1188
lost 3513 992 335 1188
lost 3513 992 335 1188
lost 3513 992 335 1188
lost 3513 992 335 1188
lost 3513 992 335 1188
lost 3513 992 335 1188
lost 3513 992 335 1188
lost 3513 992 335 1188
lost 3513 992 335 1188
lost 3513 992 335 1188
lost 3513 992 335 1188
lost 3513 992 335 1188
lost 3513 992 335 1188
lost 3513 992 335 1188
lost 3513 992 335 1188
lost 3513 992 335 1188
lost 3513 992 335 1188
lost 3513 992 335 1188
lost 3513 992 335 1188
lost 3513 992 335 1188
lost 3513 992 335 1188
lost 3513 992 335 1188
lost 3513 992 335 1188
lost 3513 992 335 1188
lost 3513 992 335 1188
lost 3513 992 335 1188
lost 3513 992 335 1188
lost 3513 992 335 1188
lost 3513 992 335 1188
lost 3513 992 335 1188
lost 3513 992 335 1188
lost 3513 992 335 1188
lost 3513 992 335 1188
lost 3513 992 335 1188
lost 3513 992 335 1188
lost 3513 992 335 1188
lost 3513 992 335 1188
lost 3513 992 335 1188
lost 3513 992 335 1188
lost 3513 992 335 1188
lost 3513 992 335 1188
lost 3513 992 335 1188
lost 3513 992 335 1188
lost 3513 992 335 1188
lost 3513 992 335 1188
lost 3513 992 335 1188
lost 3513 992 335 1188
lost 3513 992 335 1188
lost 3513 992 335 1188
lost 3513 992 335 1188
lost 3513 992 335 1188
lost 3513 992 335 1188
lost 3513 992 335 1188
lost 3513 992 335 1188
lost 3513 992 335 1188
lost 3513 992 335 1188
lost 3513 992 335 1188
lost 3513 992 335 1188
lost 3513 992 335 1188
lost 3513 992 335 1188
lost 3513 992 335 1188
lost 3513 992 335 1188
lost 3513 992 335 1188
lost 3513 992 335 1188
lost 3513 992 335 1188
lost 3513 992 335 1188
lost 3513 992 335 1188
lost 3513 992 335 1188
lost 3513 992 335 1188
lost 3513 992 335 1188
lost 3513 992 335 1188
lost 3513 992 335 1188
lost 3513 992 335 1188
lost 3513 992 335 1188
lost 3513 992 335 1188
lost 3513 992 335 1188
lost 3513 992 335 1188
lost 3513 992 335 1188
lost 3513 992 335 1188
lost 3513 992 335 1188
lost 3513 992 335 1188
lost 3513 992 335 1188
lost 3513 992 335 1188
lost 3513 992 335 1188
lost 3513 992 335 1188
lost 3513 992 335 1188
lost 3513 992 335 1188
lost 3513 992 335 1188
lost 3513 992 335 1188
lost 3513 992 335 1188
lost 3513 992 335 1188
lost 3513 992 335 1188
lost 3513 992 335 1188
lost 3513 992 335 1188
lost 3513 992 335 1188
lost 3513 992 335 1188
lost 3513 992 335 1188
lost 3513 992 335 1188
lost 3513 992 335 1188
lost 3513 992 335 1188
lost 3513 992 335 1188
lost 3513 992 335 1188
lost 3513 992 335 1188
lost 3513 992 335 1188
lost 3513 992 335 1188
lost 3513 992 335 1188
lost 3513 992 335 1188
lost 3513 992 335 1188
lost 3513 992 335 1188
lost 3513 992 335 1188
lost 3513 992 335 1188
lost 3513 992 335 1188
lost 3513 992 335 1188
lost 3513 992 335 1188
lost 3513 992 335 1188
lost 3513 992 335 1188
lost 3513 992 335 1188
lost 3513 992 335 1188
lost 3513 992 335 1188
lost 3513 992 335 1188
lost 3513 992 335 1188
lost 3513 992 335 1188
lost 3513 992 335 1188
lost 3513 992 335 1188
lost 3513 992 335 1188
lost 3513 992 335 1188
lost 3513 992 335 1188
lost 3513 992 335 1188
lost 3513 992 335 1188
lost 3513 992 335 1188
lost 3513 992 335 1188
lost 3513 992 335 1188
lost 3513 992 335 1188
lost 3513 992 335 1188
lost 3513 992 335 1188
lost 3513 992 335 1188
lost 3513 992 335 1188
lost 3513 992 335 1188
lost 3513 992 335 1188
lost 3513 992 335 1188
lost 3513 992 335 1188
lost 3513 992 335 1188
lost 3513 992 335 1188
lost 3513 992 335 1188
lost 3513 992 335 1188
lost 3513 992 335 1188
lost 3513 992 335 1188
lost 3513 992 335 1188
lost 3513 992 335 1188
lost 3513 992 335 1188
lost 3513 992 335 1188
lost 3513 992 335 1188
lost 3513 992 335 1188
lost 3513 992 335 1188
lost 3513 992 335 1188
lost 3513 992 335 1188
lost 3513 992 335 1188
lost 3513 992 335 1188
lost 3513 992 335 1188
lost 3513 992 335 1188
lost 3513 992 335 1188
lost 3513 992 335 1188
lost 3513 992 335 1188
lost 3513 992 335 1188
lost 3513 992 335 1188
lost 3513 992 335 1188
lost 3513 992 335 1188
lost 3513 992 335 1188
lost 3513 992 335 1188
lost 3513 992 335 1188
lost 3513 992 335 1188
lost 3513 992 335 1188
lost 3513 992 335 1188
lost 3513 992 335 1188
lost 3513 992 335 1188
lost 3513 992 335 1188
lost 3513 992 335 1188
lost 3513 992 335 1188
lost 3513 992 335 1188
lost 3513 992 335 1188
lost 3513 992 335 1188
lost 3513 992 335 1188
lost 3513 992 335 1188
lost 3513 992 335 1188
lost 3513 992 335 1188
lost 3513 992 335 1188
lost 3513 992 335 1188
lost 3513 992 335 1188
lost 3513 992 335 1188
lost 3513 992 335 1188
lost 3513 992 335 1188
lost 3513 992 335 1188
lost 3513 992 335 1188
lost 3513 992 335 1188
lost 3513 992 335 1188
lost 3513 992 335 1188
lost 3513 992 335 1188
lost 3513 992 335 1188
lost 3513 992 335 1188
lost 3513 992 335 1188
lost 3513 992 335 1188
lost 3513 992 335 1188
lost 3513 992 335 1188
lost 3513 992 335 1188
lost 3513 992 335 1188
lost 3513 992 335 1188
lost 3513 992 335 1188
lost 3513 992 335 1188
lost 3513 992 335 1188
lost 3513 992 335 1188
lost 3513 992 335 1188
lost 3513 992 335 1188
lost 3513 992 335 1188
lost 3513 992 335 1188
lost 3513 992 335 1188
lost 3513 992 335 1188
lost 3513 992 335 1188
lost 3513 992 335 1188
lost 3513 992 335 1188
lost 3513 992 335 1188
lost 3513 992 335 1188
lost 3513 992 335 1188
lost 3513 992 335 1188
lost 3513 992 335 1188
lost 3513 992 335 1188
lost 3513 992 335 1188
lost 3513 992 335 1188
lost 3513 992 335 1188
lost 3513 992 335 1188
lost 3513 992 335 1188
lost 3513 992 335 1188
lost 3513 992 335 1188
lost 3513 992 335 1188
lost 3513 992 335 1188
lost 3513 992 335 1188
lost 3513 992 335 1188
lost 3513 992 335 1188
lost 3513 992 335 1188
lost 3513 992 335 1188
lost 3513 992 335 1188
lost 3513 992 335 1188
lost 3513 992 335 1188
lost 3513 992 335 1188
lost 3513 992 335 1188
lost 3513 992 335 1188
lost 3513 992 335 1188
lost 3513 992 335 1188
lost 3513 992 335 1188
lost 3513 992 335 1188
lost 3513 992 335 1188
lost 3513 992 335 1188
lost 3513 992 335 1188
lost 3513 992 335 1188
lost 3513 992 335 1188
lost 3513 992 335 1188
lost 3513 992 335 1188
lost 3513 992 335 1188
lost 3513 992 335 1188
lost 3513 992 335 1188
lost 3513 992 335 1188
lost 3513 992 335 1188
lost 3513 992 335 1188
lost 3513 992 335 1188
lost 3513 992 335 1188
lost 3513 992 335 1188
lost 3513 992 335 1188
lost 3513 992 335 1188
lost 3513 992 335 1188
lost 3513 992 335 1188
