700.0 1070.857142857143
700.0621163807441 1070.5860895593505
700.203230609862 1070.000826541133
700.4962198515273 1069.5396189734333
700.9922320712293 1069.4602621076067
701.7104051650757 1069.8095632542377
702.7031896122693 1070.4572918432664
703.8710854167406 1071.2743369863838
705.0700553386152 1072.258424305969
706.2903898164346 1073.26317271129
707.4561953706564 1074.0745636217448
708.5692617071315 1074.656606723335
709.5901159739519 1075.2520590019494
710.4173857022106 1075.9350118474833
711.186845516252 1076.6332808407942
711.9138598255417 1077.2473248203275
712.5198216452344 1077.6399499333418
712.9181192124729 1077.8013044671968
713.1239895524212 1077.6251220960307
713.1929608525858 1076.8301848516242
713.1415159525989 1075.478078407277
713.0642659278224 1073.872609558234
713.0123915896587 1072.3615392194781
712.9796920151218 1071.156223739824
713.0410836958616 1070.1864056990523
713.1353901529939 1069.3193600697048
713.050436818907 1068.6157821682616
712.6065858225322 1068.1913551689588
711.7351126309278 1068.1329718348884
710.5186464919625 1068.3448558627113
708.898158626306 1068.8735661215442
707.0425229866039 1069.6942791237518
705.2868260105407 1070.6296036784313
703.5586563525671 1071.4684376848033
701.7963006319628 1072.027562833224
700.078682916126 1072.4220307425708
698.3975291690384 1072.8404840970138
696.7814794636694 1073.2075629931692
695.1613052571364 1073.3086051498678
693.4514057539569 1073.1670164216416
691.6978412108373 1072.9158933137423
689.9620866585259 1072.7032624859085
688.2876313957534 1072.5832985806935
686.6885738410622 1072.5590850179142
685.1569622632244 1072.6289860600148
683.6411558984 1072.752827128132
682.1338758584224 1072.9527694802211
680.659227939505 1073.2645981476524
679.2416151651461 1073.6371081744908
677.934703984765 1074.0344592293243
676.7690295820395 1074.414483575153
675.6684792871613 1074.76340840286
674.5483241184486 1075.015807452394
673.4286227021353 1075.1472079004814
672.3215905921829 1075.1335300824655
671.2664070627122 1074.9177544364384
670.3030429330826 1074.6123887637143
669.331782732525 1074.5409954298068
668.3878696185824 1074.7283007054973
667.4382287412174 1075.1471200004269
666.3168775255087 1075.8811687855934
665.0713027200972 1076.8540309835817
663.8562950053533 1077.8999387808074
662.7647425299062 1079.0348861219888
661.7911523428463 1080.263579276703
660.9252702657952 1081.61728501431
660.1387930843624 1083.2400934588834
659.4121655180109 1084.954898785661
658.7723140478923 1086.5781172493369
658.2195758603382 1088.035762687946
657.7425668466101 1089.396544186169
657.3136424390765 1090.7533911287605
656.9983307686693 1092.090700187483
656.7944082504141 1093.1901512982809
656.7196840509968 1094.0296903527496
656.8124656348491 1094.7693305106498
657.0942399086057 1095.5244210306862
657.6194959972183 1096.1887814293582
658.4381053510092 1096.6570781921826
659.6651682762422 1097.136054111557
661.3346933825146 1097.5664704365117
663.4769436355558 1097.884613567564
666.0029049839161 1098.3163032937339
668.9073554110637 1099.2371757744277
672.2081709540846 1100.9383416438434
675.7975862401387 1103.4794408139626
679.5874998808117 1106.7590935245312
683.4622341207269 1110.6421740121223
687.3302558843819 1114.9759555005576
691.0183145534613 1119.528856456219
694.3776307687631 1124.2596163046192
697.4324755873072 1129.1743902067362
700.3157572453424 1134.049351153768
703.0169590145395 1138.7049941690718
705.605478183233 1143.1256045799967
708.2092854073724 1147.4838054887337
710.8114236895728 1152.2054115298015
713.3367120801599 1157.2455235863988
715.7711754267144 1162.3533091948666
718.1782680888548 1167.4571584255023
720.521935989008 1172.4099215313806
722.7248113982392 1177.145820935481
724.7902283819125 1181.645826694634
726.7761648947836 1185.9787016997611
728.7264733750367 1190.03779341881
730.6173188133824 1193.5611658064652
732.4535341637944 1196.6911061539806
734.2065027206635 1199.24794740797
735.8247616116475 1200.8561284227817
737.5236723857754 1201.5286889522054
739.359928991584 1201.3333317246377
741.2440661507884 1200.2976565228917
743.4342203446727 1197.8578639805369
746.0576394235268 1193.5563670289991
749.0842550685476 1187.9108121340548
752.7523099204222 1181.8787852804005
758.2824710206628 1176.436711946991
766.1247777033352 1171.8470866636508
775.5858152898171 1168.1517662310523
786.0684588709465 1164.7807196886863
797.3416094204979 1161.6223666270587
810.0649135531031 1158.2644227897513
824.4017373974837 1154.019582665842
839.8113052618304 1149.3115623087074
855.740667383683 1145.0235185888037
871.7760528820816 1141.6350649316116
887.7911289626394 1138.9388786727598
903.826959226803 1136.919668497005
919.8163140315384 1135.6098428278956
935.6561180999222 1134.9547282721915
951.2048129694257 1134.8255678123671
966.4909710950319 1134.9651486270714
982.379463928312 1135.2017055991678
999.4177262149126 1135.3606804733295
1017.4043213577662 1135.2382234094844
1036.184699669139 1135.022606351596
1055.62732085693 1135.0025511571207
1075.6467273289534 1135.2865407426282
1096.288972366164 1136.192887587396
1117.6648448081942 1136.9275250020257
1139.4193941792353 1136.7200812273884
1161.1927744960583 1136.3067603159602
1182.8311357653988 1135.878276166247
1204.79196115904 1135.208746252346
1227.3380402641499 1133.7453513758353
1249.9146107870129 1130.9686832108584
1272.1542171915778 1127.0390743724197
1294.125737820626 1122.106580096439
1315.9062037377225 1116.8864839267317
1337.2551567980536 1112.2997357500276
1358.0926351781068 1108.6019440639602
1378.3204404676258 1106.2069451074206
1397.663474429152 1105.174981100567
1416.0782700737072 1105.1250489167212
1433.582068617087 1105.810074481397
1450.1477097961367 1106.8240545953777
1465.783693565424 1107.5484415585086
1480.7055534269118 1107.9435027173604
1494.9794452878596 1108.0349970104608
1508.5426396018966 1107.704205978025
1521.325094772151 1107.275897014784
1532.9847645847829 1106.9569525631541
1543.3909535132752 1106.824989667875
1552.6366326462667 1106.8918078808288
1560.6758213819896 1107.088670553124
1567.4636796113402 1107.260442318195
1573.075320390846 1107.236689921991
1577.48210300129 1107.1413128529632
1580.6928416533792 1107.0506855303097
1582.8161201302084 1106.9450339279156
1583.9233901396874 1106.6594007914127
1584.1560861860355 1106.4064217538255
1583.5526677212597 1106.4157972779929
1581.937559074257 1106.6227128671617
1579.3357603322497 1106.7033262849905
1575.890672917249 1106.5863840366499
1571.268461474912 1105.6799248152277
1565.1195788097684 1104.0730466027255
1557.2540839247868 1102.2694650526955
1547.5375880673657 1100.34683262248
1536.011902768774 1098.3332622664204
1522.6234027692385 1095.4809089707155
1507.6978013624755 1091.9493635054932
1491.780449069973 1088.312865510815
1474.9419997300777 1084.4350737165673
1456.3607433332054 1080.4826371748024
1435.9368923200523 1076.6493262072286
1414.0652294691695 1073.9115017390027
1390.692570475985 1073.0926506435758
1366.2356993004928 1074.2215832316822
1341.3531595637094 1077.0710245471614
1316.2948640499499 1080.5207540521171
1291.0934368217404 1084.004811222562
1265.6638859472926 1087.8797568094596
1240.0908825235738 1091.9714437183027
1214.9553600875483 1095.7112896945114
1189.3592807586274 1098.8158297016353
1162.6772689598843 1101.0266633849164
1135.6929594276842 1102.6722930036335
1108.3548586199436 1104.9056966394442
1080.5421112476924 1108.1910431629758
1051.9555500791332 1111.2903667723524
1022.7426675421076 1113.3064158295012
993.6095289590394 1114.3789459111945
965.0017911391999 1114.6051387470811
937.3201020599959 1114.4750691808915
910.7342935262288 1114.827309945785
885.367608211215 1115.8670664922897
860.1621621681123 1118.3036050350734
834.403503786351 1122.6156454510226
808.4039216205643 1128.2727074477832
782.451492407548 1134.495103216712
756.9498876529127 1141.1844457870202
731.735079172432 1147.9152238498355
706.2794692472319 1154.2246405559567
680.5126967173312 1160.315942029361
654.8578586308132 1166.1831829430123
629.7170055222348 1171.7783748224995
605.2721004973539 1177.1754537352072
581.5654038034663 1182.4136795378065
558.6861027844553 1187.2211273203184
536.7537473359711 1191.451942429913
515.908730780593 1195.0581111459896
496.2799377934866 1197.8919824519776
477.9590221728274 1200.1662579316232
460.9974697197265 1202.05956547561
444.9762205275084 1203.4888777773685
429.62594708334314 1204.2548638258304
415.0740789024656 1204.34742266143
401.37710334753797 1203.9820959726228
388.5042463706611 1203.1915181481756
376.4662230906441 1201.9330140467205
365.30008795621023 1200.1764532320524
354.95106883529996 1198.0630130321902
345.3216379524175 1195.849878910688
336.39614521682915 1193.8395465162753
328.11746183548985 1191.9063946637082
320.3151348335184 1189.9344567814478
312.8598125418314 1188.4348525731484
305.6729369142225 1187.3893133107183
298.7235103372564 1186.6755945071777
291.972151236862 1186.2807437777203
285.3983982239192 1186.3166869384277
279.05496867669996 1186.9651399650538
273.01718471174974 1188.0444239304015
267.33310090387846 1189.41315978774
262.0299148833489 1190.9623280496571
257.1190792486172 1192.6087947535214
252.60035855384862 1194.2900438121892
248.46503145854894 1195.9599006331457
244.6984020372612 1197.5850691146977
241.28175445330163 1199.1423350500731
238.19386062964136 1200.6163146391498
235.41213030939883 1201.9976481002477
232.91347624490643 1203.2815560236975
230.67495356990895 1204.4666907264502
228.67422118040363 1205.554226963364
226.889863749188 1206.5471463518165
225.30160547308085 1207.4496781270307
223.89044050615462 1208.2668656618334
222.63870002357334 1209.004233802955
221.53007178701824 1209.667536701579
220.5495847772446 1210.2625696193566
219.68356878400803 1210.7950313144408
218.91959668440415 1211.2704261732047
218.24641540349174 1211.6939973501337
217.65387015836376 1212.070683892193
217.13282547473872 1212.4050962221513
216.67508558115986 1212.7015054937633
216.27331608689548 1212.9638432565748
215.92096830027057 1213.195708617682
215.61220711547918 1213.4003806936453
215.3418430642656 1213.5808346340298
215.10526887491636 1213.7397598902246
214.89840068905255 1213.8795797170324
214.7176239439821 1214.0024711445863
214.55974382451518 1214.1103848564483
214.42194011479003 1214.2050645660954
214.30172623106273 1214.2880656064858
214.19691218516112 1214.3607725425918
214.10557121105708 1214.4244156900957
214.02600978031617 1214.480086479244
213.95674073330028 1214.5287516447252
213.896459259765 1214.5712662532685
213.84402147321788 1214.6083856028044
213.79842533676785 1214.640776042382
213.75879371318896 1214.6690247721092
213.7243593277677 1214.6936486884185
213.69445144862678 1214.7151023429105
213.66848410518972 1214.7337850836911
213.64594568096365 1214.7500474470928
213.6263897316604 1214.764196865445
213.609426893707 1214.7765027535154
213.5947177613324 1214.7872010326562
213.58196662261616 1214.7964981478126
213.57091595613784 1214.8045746285127
213.56134160018433 1214.8115882409256
213.55304851588986 1214.8176767741104
213.5458670742379 1214.8229604997575
213.5396498045981 1214.8275443410976
213.53426854945522 1214.8315197832333
213.52961197626726 1214.8349665539663
213.54252423413578 1215.0315635996692
213.58368573129763 1215.5443924013352
213.71788220757063 1215.8498310680513
213.92859629366288 1215.8080220982324
214.0982163865297 1215.6683513651099
214.23137492626915 1215.3084266651651
214.4909094500938 1214.5462415269365
214.9296341010333 1213.3892058576632
215.41712269857194 1211.956751220726
215.92727983750757 1210.1894410838772
216.48482753840435 1208.1239801078757
217.04205769342443 1205.9359070986975
217.57152997818358 1203.679763649446
218.09713513762225 1201.3615108006518
218.58431765983863 1198.8439591795052
218.996564090108 1195.9779811389856
219.33369734363038 1192.953447749184
219.60443798249446 1190.0265223936526
219.8089665576195 1187.2574626023727
219.96249848220734 1184.638547913195
220.12489306515843 1182.1996175297907
220.26564175798035 1179.9299277222854
220.34029358380863 1177.977340341365
220.33141844395692 1176.440068652486
220.22487485063206 1175.252728163446
220.05009226933615 1174.4073480091056
219.8969194882691 1173.775409170991
219.8657755181725 1173.2660435032815
219.93212621932813 1172.945393980257
220.01373431573467 1172.7127344174446
220.08927050702997 1172.5958375885268
220.20353297764558 1172.7613776975338
220.38022836190834 1173.1765439131598
220.5984265196052 1173.7640033877792
220.84201731235672 1174.463819071895
221.0987434857665 1175.2299984264937
221.35941407167095 1176.0276820934203
221.61726608528468 1176.8308587795711
221.86744787289908 1177.6205122486117
222.1066021011213 1178.3831226323368
222.33253022599675 1179.1094578248678
222.54392347137497 1179.7936019680571
222.74014799050641 1180.4321773612987
222.92107407487816 1181.0237238553264
223.08694108630593 1181.5682061862922
223.23825128618122 1182.066624997655
223.37568697278758 1182.5207116701818
223.5000463581294 1182.932690690548
223.61219445672205 1183.3050962664836
223.71302595103978 1183.6406323492909
223.80343756740217 1183.9420672428644
223.88430796328126 1184.2121556369225
223.95648351000943 1184.453582263253
224.02076866834284 1184.6689224890667
224.07791991046912 1184.8606160739582
224.12864235093937 1185.030951062095
224.1735884190202 1185.1820553885987
224.21335804302916 1185.3158942730931
224.24849992906294 1185.4342718742996
224.27951360688738 1185.5388360040788
224.30685198853638 1185.6310849612826
224.33092424358765 1185.7123757565696
224.35209884179773 1185.78393316837
224.37070665097258 1185.8468592051836
224.38704400741406 1185.9021426567401
224.40137569949093 1185.9506685014435
224.41393782303862 1185.9932270042762
224.42494048138283 1186.0305223914484
224.43457031361083 1186.063181028407
224.44299284293973 1186.0917590587235
224.45035464318227 1186.1167494847573
224.4567853258251 1186.1385886883832
224.4623993534575 1186.1576624027573
224.46729768750575 1186.1743111550586
224.4715692796658 1186.188835206226
224.47529241726542 1186.2014990175655
224.47853593317396 1186.2125352762437
224.48136029092706 1186.222148512547
224.48381855553689 1186.2305183416936
224.48595726008696 1186.2378023622057
224.48781717772107 1186.2441387415786
224.48943400806976 1186.249648518402
224.49083898655056 1186.2544376482895
224.4920594243517 1186.2585988190815
224.49311918628518 1186.2622130588497
224.4940391130832 1186.2653511583135
224.4948373941266 1186.2680749274164
224.4955298960353 1186.2704383040245
224.49613045202923 1186.272488331019
224.49665111648017 1186.2742660164745
224.49710238862502 1186.2758070901466
224.49749340899797 1186.2771426681359
224.49783213175982 1186.27829983635
224.4981254757602 1186.2793021622529
224.4983794568552 1186.2801701433577
224.49859930372276 1186.2809215999869
224.4987895591642 1186.2815720189774
224.49895416865266 1186.2821348542564
224.49909655768607 1186.2826217895301
224.49921969932046 1186.28304296772
224.4993261730965 1186.2834071912387
224.49941821642884 1186.2837220967165
224.49949776939926 1186.283994307355
224.49956651378116 1186.2842295657058
224.49962590702225 1186.284432849334
224.49967721182355 1186.2846084715256
224.49972152187428 1186.2847601689327
224.49975978423288 1186.2848911778199
224.4997928187836 1186.2850043003657
224.49982133514422 1186.2851019622944
224.4998459473535 1186.2851862629532
224.49986718662524 1186.2852590188074
224.49988551241992 1186.2853218012087
224.49990132205247 1186.2853759691757
224.49991495902717 1186.285422697839
224.49992672026605 1186.285463003116
224.49993686237602 1186.285497763107
224.49994560708066 1186.285527736645
224.49995314592704 1186.2855535793717
224.49995964436303 1186.2855758576668
224.49996524526856 1186.2855950607134
224.49997007201293 1186.2856116109465
224.49997423110145 1186.2856258730992
224.4999778144658 1186.2856381620327
224.49998090144572 1186.2856487495114
224.49998356050318 1186.2856578700662
224.49998585070495 1186.2856657260636
224.49998782300446 1186.2856724920919
224.49998952134996 1186.2856783187517
224.49999098364233 1186.2856833359335
224.4999922425627 1186.2856876556502
224.4999933262877 1186.2856913744845
224.49999425910698 1186.2856945757037
224.49999506195695 1186.2856973310859
224.49999575288135 1186.2856997024976
224.499996347429 1186.2857017432557
224.49999685899726 1186.2857034993035
224.49999729912832 1186.285705010226
224.49999767776498 1186.285706310125
224.49999800347135 1186.285707428377
224.49999828362314 1186.2857083902832
224.499998524572 1186.2857092176337
224.49999873178697 1186.2857099291925
224.49999890997685 1186.285710541116
224.49999906319528 1186.2857110673142
224.49999919493163 1186.2857115197612
224.4999993081893 1186.2857119087641
224.4999994055531 1186.2857122431944
224.49999948924736 1186.2857125306869
224.4999995611861 1186.285712777811
224.4999996230161 1186.2857129902206
224.49999967615418 1186.285713172779
224.4999997218191 1186.2857133296707
224.49999976105929 1186.285713464495
224.4999997947764 1186.2857135803483
224.49999982374592 1186.2857136798932
224.4999998486348 1186.28571376542
224.49999987001644 1186.2857138388981
224.49999988838397 1186.285713902021
224.49999990416129 1186.2857139562445
224.49999991771287 1186.2857140028207
224.49999992935204 1186.2857140428255
224.49999993934807 1186.2857140771841
224.49999994793245 1186.2857141066918
224.49999995530413 1186.285714132032
224.49999996163407 1186.285714153792
224.4999999670692 1186.2857141724767
224.49999997173572 1186.2857141885197
224.49999997574213 1186.285714202294
224.49999997918164 1186.2857142141197
224.49999998213428 1186.285714224272
224.49999998466888 1186.285714232987
224.4999999868445 1186.285714240468
224.4999999887119 1186.2857142468893
224.49999999031465 1186.2857142524008
224.4999999916902 1186.285714257131
224.4999999928707 1186.2857142611908
224.49999999388376 1186.2857142646749
224.4999999947531 1186.2857142676646
224.49999999549905 1186.2857142702303
224.4999999961391 1186.2857142724317
224.49999999668827 1186.2857142743208
224.49999999715945 1186.2857142759415
224.4999999975637 1186.2857142773319
224.4999999979105 1186.285714278525
224.49999999820798 1186.2857142795483
224.49999999846318 1186.2857142804262
224.49999999868209 1186.2857142811793
224.49999999886984 1186.2857142818252
224.49999999903088 1186.2857142823793
224.499999999169 1186.2857142828545
224.49999999928747 1186.2857142832622
224.49999999938908 1186.285714283612
224.49999999947622 1186.2857142839118
224.49999999955094 1186.285714284169
224.499999999615 1186.2857142843895
224.49999999966994 1186.2857142845785
224.49999999971706 1186.2857142847406
224.49999999975745 1186.2857142848795
224.4999999997921 1186.2857142849987
224.4999999998218 1186.2857142851008
224.49999999984726 1186.2857142851883
224.4999999998691 1186.2857142852633
224.4999999998878 1186.2857142853277
224.49999999990382 1186.285714285383
224.49999999991758 1186.2857142854302
224.49999999992937 1186.2857142854707
224.49999999993946 1186.2857142855055
224.49999999994813 1186.2857142855353
224.49999999995555 1186.2857142855607
224.49999999996191 1186.2857142855826
224.49999999996737 1186.2857142856014
224.49999999997203 1186.2857142856176
224.49999999997604 1186.2857142856315
224.49999999997948 1186.2857142856433
224.4999999999824 1186.2857142856535
224.49999999998494 1186.2857142856622
224.4999999999871 1186.2857142856697
224.49999999998894 1186.285714285676
224.49999999999054 1186.2857142856815
224.4999999999919 1186.2857142856863
224.49999999999307 1186.2857142856903
224.49999999999406 1186.2857142856938
224.4999999999949 1186.2857142856967
224.49999999999565 1186.2857142856992
224.49999999999628 1186.2857142857013
224.49999999999682 1186.285714285703
224.49999999999727 1186.2857142857047
224.49999999999767 1186.285714285706
224.499999999998 1186.2857142857072
224.4999999999983 1186.285714285708
224.49999999999855 1186.285714285709
224.49999999999875 1186.2857142857097
224.49999999999892 1186.2857142857104
224.49999999999906 1186.2857142857108
224.4999999999992 1186.2857142857113
224.49999999999932 1186.2857142857117
224.4999999999994 1186.2857142857122
224.4999999999995 1186.2857142857124
224.49999999999957 1186.2857142857126
224.49999999999963 1186.2857142857129
224.4999999999997 1186.285714285713
224.49999999999974 1186.2857142857133
224.49999999999977 1186.2857142857135
224.4999999999998 1186.2857142857138
224.49999999999983 1186.2857142857138
224.49999999999986 1186.2857142857138
224.4999999999999 1186.2857142857138
224.49999999999991 1186.2857142857138
224.49999999999994 1186.2857142857138
224.49999999999994 1186.2857142857138
224.49999999999994 1186.2857142857138
224.49999999999994 1186.2857142857138
224.49999999999994 1186.2857142857138
224.49999999999994 1186.2857142857138
224.49999999999994 1186.2857142857138
224.49999999999994 1186.2857142857138
224.49999999999994 1186.2857142857138
224.49999999999994 1186.2857142857138
224.49999999999994 1186.2857142857138
224.49999999999994 1186.2857142857138
224.49999999999994 1186.2857142857138
224.49999999999994 1186.2857142857138
224.49999999999994 1186.2857142857138
224.49999999999994 1186.2857142857138
224.49999999999994 1186.2857142857138
224.49999999999994 1186.2857142857138
224.49999999999994 1186.2857142857138
224.49999999999994 1186.2857142857138
224.49999999999994 1186.2857142857138
224.49999999999994 1186.2857142857138
224.49999999999994 1186.2857142857138
224.49999999999994 1186.2857142857138
224.49999999999994 1186.2857142857138
224.49999999999994 1186.2857142857138
224.49999999999994 1186.2857142857138
224.49999999999994 1186.2857142857138
224.49999999999994 1186.2857142857138
224.49999999999994 1186.2857142857138
224.49999999999994 1186.2857142857138
224.49999999999994 1186.2857142857138
224.49999999999994 1186.2857142857138
224.49999999999994 1186.2857142857138
224.49999999999994 1186.2857142857138
224.49999999999994 1186.2857142857138
224.49999999999994 1186.2857142857138
224.49999999999994 1186.2857142857138
224.49999999999994 1186.2857142857138
224.49999999999994 1186.2857142857138
224.49999999999994 1186.2857142857138
224.49999999999994 1186.2857142857138
224.49999999999994 1186.2857142857138
224.49999999999994 1186.2857142857138
224.49999999999994 1186.2857142857138
224.49999999999994 1186.2857142857138
224.49999999999994 1186.2857142857138
224.49999999999994 1186.2857142857138
224.49999999999994 1186.2857142857138
224.49999999999994 1186.2857142857138
224.49999999999994 1186.2857142857138
224.49999999999994 1186.2857142857138
224.49999999999994 1186.2857142857138
224.49999999999994 1186.2857142857138
224.49999999999994 1186.2857142857138
224.49999999999994 1186.2857142857138
224.49999999999994 1186.2857142857138
224.49999999999994 1186.2857142857138
224.49999999999994 1186.2857142857138
224.49999999999994 1186.2857142857138
224.49999999999994 1186.2857142857138
224.49999999999994 1186.2857142857138
224.49999999999994 1186.2857142857138
224.49999999999994 1186.2857142857138
224.49999999999994 1186.2857142857138
224.49999999999994 1186.2857142857138
224.49999999999994 1186.2857142857138
224.49999999999994 1186.2857142857138
224.49999999999994 1186.2857142857138
224.49999999999994 1186.2857142857138
224.49999999999994 1186.2857142857138
224.49999999999994 1186.2857142857138
224.49999999999994 1186.2857142857138
224.49999999999994 1186.2857142857138
224.49999999999994 1186.2857142857138
224.49999999999994 1186.2857142857138
224.49999999999994 1186.2857142857138
224.49999999999994 1186.2857142857138
224.49999999999994 1186.2857142857138
224.49999999999994 1186.2857142857138
224.49999999999994 1186.2857142857138
224.49999999999994 1186.2857142857138
224.49999999999994 1186.2857142857138
224.49999999999994 1186.2857142857138
224.49999999999994 1186.2857142857138
224.49999999999994 1186.2857142857138
224.49999999999994 1186.2857142857138
224.49999999999994 1186.2857142857138
224.49999999999994 1186.2857142857138
224.49999999999994 1186.2857142857138
224.49999999999994 1186.2857142857138
224.49999999999994 1186.2857142857138
224.49999999999994 1186.2857142857138
224.49999999999994 1186.2857142857138
224.49999999999994 1186.2857142857138
224.49999999999994 1186.2857142857138
224.49999999999994 1186.2857142857138
224.49999999999994 1186.2857142857138
224.49999999999994 1186.2857142857138
224.49999999999994 1186.2857142857138
224.49999999999994 1186.2857142857138
224.49999999999994 1186.2857142857138
224.49999999999994 1186.2857142857138
224.49999999999994 1186.2857142857138
224.49999999999994 1186.2857142857138
224.49999999999994 1186.2857142857138
224.49999999999994 1186.2857142857138
224.49999999999994 1186.2857142857138
224.49999999999994 1186.2857142857138
224.49999999999994 1186.2857142857138
224.49999999999994 1186.2857142857138
224.49999999999994 1186.2857142857138
224.49999999999994 1186.2857142857138
224.49999999999994 1186.2857142857138
224.49999999999994 1186.2857142857138
224.49999999999994 1186.2857142857138
224.49999999999994 1186.2857142857138
224.49999999999994 1186.2857142857138
224.49999999999994 1186.2857142857138
224.49999999999994 1186.2857142857138
224.49999999999994 1186.2857142857138
224.49999999999994 1186.2857142857138
224.49999999999994 1186.2857142857138
224.49999999999994 1186.2857142857138
224.49999999999994 1186.2857142857138
224.49999999999994 1186.2857142857138
224.49999999999994 1186.2857142857138
224.49999999999994 1186.2857142857138
224.49999999999994 1186.2857142857138
224.49999999999994 1186.2857142857138
224.49999999999994 1186.2857142857138
224.49999999999994 1186.2857142857138
224.49999999999994 1186.2857142857138
224.49999999999994 1186.2857142857138
224.49999999999994 1186.2857142857138
224.49999999999994 1186.2857142857138
224.49999999999994 1186.2857142857138
224.49999999999994 1186.2857142857138
224.49999999999994 1186.2857142857138
224.49999999999994 1186.2857142857138
224.49999999999994 1186.2857142857138
224.49999999999994 1186.2857142857138
224.49999999999994 1186.2857142857138
224.49999999999994 1186.2857142857138
224.49999999999994 1186.2857142857138
224.49999999999994 1186.2857142857138
224.49999999999994 1186.2857142857138
224.49999999999994 1186.2857142857138
224.49999999999994 1186.2857142857138
224.49999999999994 1186.2857142857138
224.49999999999994 1186.2857142857138
224.49999999999994 1186.2857142857138
224.49999999999994 1186.2857142857138
224.49999999999994 1186.2857142857138
224.49999999999994 1186.2857142857138
224.49999999999994 1186.2857142857138
224.49999999999994 1186.2857142857138
224.49999999999994 1186.2857142857138
224.49999999999994 1186.2857142857138
224.49999999999994 1186.2857142857138
224.49999999999994 1186.2857142857138
224.49999999999994 1186.2857142857138
224.49999999999994 1186.2857142857138
224.49999999999994 1186.2857142857138
224.49999999999994 1186.2857142857138
224.49999999999994 1186.2857142857138
224.49999999999994 1186.2857142857138
224.49999999999994 1186.2857142857138
224.49999999999994 1186.2857142857138
224.49999999999994 1186.2857142857138
224.49999999999994 1186.2857142857138
224.49999999999994 1186.2857142857138
224.49999999999994 1186.2857142857138
224.49999999999994 1186.2857142857138
224.49999999999994 1186.2857142857138
224.49999999999994 1186.2857142857138
224.49999999999994 1186.2857142857138
224.49999999999994 1186.2857142857138
224.49999999999994 1186.2857142857138
224.49999999999994 1186.2857142857138
224.49999999999994 1186.2857142857138
224.49999999999994 1186.2857142857138
224.49999999999994 1186.2857142857138
224.49999999999994 1186.2857142857138
224.49999999999994 1186.2857142857138
224.49999999999994 1186.2857142857138
224.49999999999994 1186.2857142857138
224.49999999999994 1186.2857142857138
224.49999999999994 1186.2857142857138
224.49999999999994 1186.2857142857138
224.49999999999994 1186.2857142857138
224.49999999999994 1186.2857142857138
224.49999999999994 1186.2857142857138
224.49999999999994 1186.2857142857138
224.49999999999994 1186.2857142857138
224.49999999999994 1186.2857142857138
224.49999999999994 1186.2857142857138
224.49999999999994 1186.2857142857138
224.49999999999994 1186.2857142857138
224.49999999999994 1186.2857142857138
224.49999999999994 1186.2857142857138
224.49999999999994 1186.2857142857138
224.49999999999994 1186.2857142857138
224.49999999999994 1186.2857142857138
224.49999999999994 1186.2857142857138
224.49999999999994 1186.2857142857138
224.49999999999994 1186.2857142857138
224.49999999999994 1186.2857142857138
224.49999999999994 1186.2857142857138
224.49999999999994 1186.2857142857138
224.49999999999994 1186.2857142857138
224.49999999999994 1186.2857142857138
224.49999999999994 1186.2857142857138
224.49999999999994 1186.2857142857138
224.49999999999994 1186.2857142857138
224.49999999999994 1186.2857142857138
224.49999999999994 1186.2857142857138
224.49999999999994 1186.2857142857138
224.49999999999994 1186.2857142857138
224.49999999999994 1186.2857142857138
224.49999999999994 1186.2857142857138
224.49999999999994 1186.2857142857138
224.49999999999994 1186.2857142857138
224.49999999999994 1186.2857142857138
224.49999999999994 1186.2857142857138
224.49999999999994 1186.2857142857138
224.49999999999994 1186.2857142857138
224.49999999999994 1186.2857142857138
224.49999999999994 1186.2857142857138
224.49999999999994 1186.2857142857138
224.49999999999994 1186.2857142857138
224.49999999999994 1186.2857142857138
224.49999999999994 1186.2857142857138
224.49999999999994 1186.2857142857138
224.49999999999994 1186.2857142857138
224.550822493336 1186.1050120871855
224.6847604965547 1185.6287880757413
224.88180587915002 1185.0644259920705
225.1651847265233 1184.4532022986236
225.5418940596891 1183.72515612718
225.9781909443296 1183.1088194502174
226.40873415981346 1182.5487464680234
226.8340938591742 1181.8882681559598
227.29975334537656 1181.127846678416
227.8232819088671 1179.9940818818202
228.4093610380867 1178.2693965702733
229.0107696335789 1176.0320046156817
229.53835469021695 1173.5621786726856
229.98738378453837 1171.2412539622082
230.40108797903355 1169.2869138454278
230.75187386703067 1167.5992048221558
231.0343169617832 1165.825572135667
231.25452300883137 1163.966840425391
231.51059134484905 1162.1406267820512
231.97208526663502 1160.0227113561168
232.62861070125376 1157.538413788917
233.41446048369033 1154.799824053213
234.41069595380736 1152.2651549205443
235.65484905265387 1150.408677112932
236.97739415386664 1148.9887588086406
238.32866049514448 1147.7745780330379
239.69369513791858 1146.7345477281767
241.06546539825032 1146.0391085710853
242.63261906071537 1145.9166551265987
244.9185357999938 1146.0639977809747
248.22555078159638 1145.9951704498594
252.33034878006805 1145.692966578912
256.9232502444072 1145.3893484669536
261.9024291394367 1144.711648239438
267.47187066055625 1143.5372000169739
273.74213045088004 1142.2473045347658
280.7138271679996 1140.3817991399549
288.5714940328283 1137.7909220539211
297.5721690549042 1134.7041565177167
307.4593940795013 1131.2346015462213
317.83662917096126 1127.7241540990465
328.5096209018391 1124.448792718639
339.184199525866 1121.4463123146666
349.63437686755316 1118.5838335355895
359.74817484678795 1116.0052213658971
369.36687539588127 1114.0775634867218
378.34101421016334 1112.764913871538
386.675363227166 1111.4968703802003
394.5068797393269 1109.8465678579316
401.9195251243399 1107.7707746730443
408.859024263271 1105.1507537453226
415.2997849228817 1102.118237726005
421.2588052315062 1099.010143311566
426.7548559068037 1096.0809242183016
431.81614232005006 1093.5809317100309
436.5016520610134 1091.27232745232
440.8879290068442 1088.8104698790212
444.93624223617917 1086.2714033312786
448.61514102639546 1083.6755136597137
451.94992394753086 1081.1546230891931
454.9797226932498 1078.7573802093127
457.96840270361014 1076.3313681506663
461.1743112588189 1073.8367801155514
464.57927842296635 1071.3254246079737
468.0199447987154 1068.8668750981906
471.4033547519564 1066.5795294023144
474.68598658582624 1064.510913029825
477.86452818935174 1062.49499274756
480.9111711520974 1060.58137172937
483.69665238047054 1058.8790088404176
486.1682067725962 1057.471392267927
488.3243180706553 1056.3650854615075
490.2287969938756 1055.4279271424446
491.82636687766734 1054.6745953911734
493.07349039718963 1054.1442093511232
494.1102852283171 1053.8509949180266
495.12101310885606 1053.8619698386203
496.2188604352648 1054.152863194583
497.2581048185127 1054.2157191934637
497.9922530727573 1053.8561871685679
498.34488581630654 1053.5113853655937
498.3299204462821 1053.4811694892
497.9222631679501 1054.0206018551958
497.1811835450988 1055.3848621250233
496.2414943635182 1057.6785965046736
495.14295656485615 1060.8440758247934
493.83790809933083 1064.4901263785532
492.3538696628286 1068.1334543730918
490.7661224386547 1071.5614246832406
488.95773550564684 1074.7341681788712
486.7804665223182 1077.5619620906991
483.9089592420957 1079.9934047442514
479.92248717526445 1082.1613343538581
474.7431786551187 1084.0981000422898
468.4444163453101 1086.0227786188768
461.2010923169318 1088.1369748975708
453.0965660309165 1090.4201928587229
444.21626065830003 1092.1385920375828
434.4866346606128 1093.7552299654158
423.8713134909693 1095.9674009328671
412.5808020898669 1098.1928436313226
400.87058208553657 1100.222333049333
388.9941736870429 1102.1693661583172
377.1549718132759 1104.3673999499426
365.5513109312393 1106.708679036938
354.3063716820019 1109.027814479619
343.5244069052084 1111.6069435850125
333.252552657308 1114.8077930092325
323.4714907845373 1118.6539081970307
314.2641682126034 1122.7309299792096
305.6818047751672 1126.9611666638189
297.66467121584895 1131.6866412953932
290.2014441361911 1136.7911641642872
283.2638256455045 1141.7985275270037
276.8338284853853 1146.570521614145
270.93461909002565 1151.2437030986457
265.5149836338844 1155.7480605292747
260.5142294675763 1159.909630425546
255.97239155200714 1163.8364758093755
251.91028319677673 1167.6273071020412
248.2852612484897 1171.2366667655963
245.05681575517372 1174.6354882986222
242.1868698176827 1177.8072466293463
239.63994436899276 1180.7448880135212
237.38322123438087 1183.448393165513
235.38653092051976 1185.9228535524942
233.62228598855737 1188.176962434434
232.06537634836178 1190.221840108762
230.69303917275616 1192.0701275613626
229.48471321050118 1193.7352948705354
228.4218849422062 1195.2311207034782
227.48793216502244 1196.5713074564594
226.6679691201478 1197.7692033283338
225.94869611822503 1198.8376081384097
225.31825571133712 1199.7886442164406
224.7660967571709 1200.633677380967
224.28284718077543 1201.3832760285181
223.86019582937715 1202.0471988013478
223.49078350926516 1202.634403285562
223.16810306919112 1203.1530697975586
222.88640823454242 1203.6106356130142
222.6406307866252 1204.0138360356978
222.4263056103844 1204.3687495396944
222.2395030926957 1204.6808448864897
222.04288667250793 1204.980843249111
221.84012769421906 1205.870367093792
221.66360684727653 1207.5286671098945
221.49870250265522 1209.592742775388
221.35226218233734 1211.8126676029085
221.2777248157099 1213.9394439509763
221.24301666204465 1216.0830358590717
221.12858109777963 1218.2975400436553
220.9517293463923 1220.143641496295
220.75245830553038 1221.3695060146306
220.53755404564913 1222.1825920088268
220.32570832288565 1223.073733080663
220.12148614887667 1224.3532165735896
219.9208263152875 1225.9874964093385
219.70006849036076 1227.8523268223998
219.4420712760162 1229.8346503159648
219.1299381161991 1231.7531632445857
218.80904405094796 1233.541689369019
218.56510227163193 1235.151804537766
218.38529269374106 1236.5545098709306
218.24704685302504 1237.8867532160125
218.12350519613628 1239.084446611566
218.05560587340173 1239.9967395408466
218.074956862009 1240.6355385260124
218.11969760514782 1241.150285863009
218.17139597998542 1241.5075900184552
218.18749295528505 1241.415180573745
218.1518784757686 1240.8842059705933
218.08433845758586 1240.0915762652746
218.00111623992325 1239.0126614862181
217.96965025508914 1237.2641813746425
218.01812551982093 1234.8636822823923
218.14095070203314 1232.222948873428
218.30789936789193 1229.3094933376337
218.45439504465585 1226.3892294057948
218.56181439169478 1223.6371039595206
218.62156273393185 1220.871348372961
218.60702128993108 1218.1853901229842
218.5290980244805 1215.6106076560932
218.4568691514618 1213.126470228003
218.43843691473276 1210.6960275291713
218.50388167617766 1208.1960523518462
218.6151931525985 1205.7570700305857
218.7153514766027 1203.4453632994757
218.8108702883119 1201.063360166433
218.906191632942 1198.6008178951984
218.98235015456376 1196.324391134381
219.027159206993 1194.493136898355
219.02562890744113 1193.2236907171912
218.96944437163128 1192.4612492644208
218.8634863512193 1192.149188106613
218.71316810147022 1192.0754052989644
218.5451950832416 1192.0072526504152
218.36162999946288 1192.0617358889428
218.17191375569197 1192.272627033506
218.0145741227868 1192.5186773506912
217.90560054204346 1192.8254142873304
217.84504253542767 1193.152172779539
217.84882118039636 1193.3368271820127
217.95416121894198 1193.2001600303568
218.1229921819541 1192.7912461372202
218.28618119043463 1192.1613972933617
218.43684829461208 1191.418639747651
218.58603600306267 1190.716385996128
218.69662309077057 1190.1381018033646
218.7512594633181 1189.732780116434
218.79151039838314 1189.43792226361
218.8362005779719 1189.3200938629948
218.87184735834646 1189.365905980619
218.8726945406332 1189.6364333993988
218.8042400747863 1190.311729855957
218.6663003388997 1191.2592027206208
218.49743914193922 1192.2231002793333
218.39936541827976 1192.9758644110466
218.371967766799 1193.478313843306
218.36089401556222 1193.8231068043128
218.35510035127348 1194.072556982217
218.31530462552192 1194.4253243642727
218.1907320503976 1194.7323647941641
218.0273574938364 1194.6937928941495
217.88587734152017 1194.397440923388
217.76981703601876 1193.954533505074
217.69616877337353 1193.3520669780905
217.66584037874944 1192.675318865568
217.68984063339295 1191.9678018488241
217.7290246939487 1191.4634524499922
217.7980634159742 1191.009466416017
218.01890096524883 1189.8774800855383
218.52607433045046 1187.918122477927
219.4034746351357 1185.3866270949486
220.66114437572736 1182.509385940515
222.31016321663705 1179.5055650427018
224.30895363522876 1176.473499806735
226.55622249739645 1173.4888196888462
229.01288473127306 1170.6663948348787
231.6541453391258 1168.2272234058325
234.94030297392305 1166.1209483522389
239.14480553697513 1164.1195591902272
243.9687799565414 1161.7373051764134
249.37845641838936 1158.6074778307466
255.27280192893932 1154.9961578495452
261.46004363985355 1150.850284653923
267.95041678251573 1145.4100425886581
274.6791107677694 1138.3048809864652
281.6468432800308 1130.120716328438
289.01302792593884 1121.797096421252
296.9909042793942 1114.1130418440398
305.676260353989 1107.3521710848354
314.97978407962796 1101.6132266230363
324.8472654467738 1097.23358692568
335.2126023682892 1094.2880132317791
346.24670623802876 1092.5748684933208
359.16334348752764 1091.9430342248143
374.2536736423316 1091.6542933424168
390.53178781717486 1091.4890584479253
407.4582305821657 1091.2381264263902
424.7316917534074 1090.1133911231711
442.2672758785641 1088.3896171557615
460.1116574043127 1086.645130793989
478.3331034528761 1085.6419761596967
496.8275103825953 1086.263689449639
515.3805566852592 1088.343660750609
534.0402912415105 1091.0981018571506
552.7948525663021 1094.400918936913
571.6408150578307 1098.4982246909992
590.6910617350634 1103.1879041124953
609.78949255121 1107.847836120228
629.6985431297238 1112.2769262761162
650.7913303235657 1116.3646860200345
672.2683600695342 1119.409518910205
693.5675056794252 1121.8440786444394
714.4416093511973 1124.2529069806
734.8231567373084 1126.6132568192413
754.5576018304791 1129.1214311410652
773.8858179350827 1131.9600065804918
793.1208240732963 1135.1698199876396
812.0639338794037 1138.4751829321303
830.584431561894 1141.695578775047
848.6405255631418 1144.6918868800267
866.0850595437245 1147.3390377995754
882.9946545716494 1149.7273365002882
899.8589379469602 1151.9097604888523
916.8984128192697 1153.9484504362326
934.8317201434267 1156.6976924094806
954.0702404483377 1160.248777731556
974.0401327230732 1163.7251205604755
994.7809577480675 1166.2733983500495
1016.3640992764879 1167.4747453522089
1038.226523507204 1167.9985418741933
1060.7846539637271 1167.3206982167258
1084.5165473770746 1165.0060987565193
1108.9757675012756 1161.7451282902455
1134.6247796282332 1158.4356750175925
1161.4970589726288 1155.3690706941275
1188.7865443064786 1151.8711123360672
1216.2151299478085 1147.4004559777754
1243.8370673957306 1142.1022269423302
1271.9741540266718 1136.6569849573239
1301.0219851924985 1130.9641373857683
1330.9717810968418 1125.3500933085274
1361.3475718163063 1120.7291580019646
1392.2823213809784 1117.3745523035636
1423.8138956536764 1114.8723537620908
1455.4160471031068 1112.6644005654925
1486.9136504670341 1110.1704914280142
1518.4268792909747 1107.1931078314208
1550.2938508121126 1104.5427103906336
1582.9181529147704 1102.318796217166
1616.1558550792552 1100.4266045048696
1650.0054031891866 1098.9500932508383
1684.386546759369 1097.4570808813746
1719.1051335579787 1096.011847124121
1754.763878830364 1095.792204795166
1791.697855512355 1097.6019369134215
1829.576412242433 1100.9714846665204
1868.5046690904912 1105.0206511933193
1908.1342446795074 1108.9398993835619
1947.4607667871687 1112.194691977233
1986.2699837277678 1113.8147742540827
2025.2058293975642 1113.8717266202038
2064.927369538425 1113.0049252883618
2105.240875259797 1111.5656778403902
2145.468851019271 1110.1998519754904
2185.836015541 1109.0328114553845
2226.703900124074 1108.7112800320726
2268.2464880307434 1110.3798468220427
2310.7118455478867 1113.255512843739
2353.9146946646965 1116.371044024825
2398.1707524052736 1119.6818498867542
2443.47068319616 1122.617719087746
2489.233517549911 1125.0606231481138
2535.4679087723625 1127.3128435299332
2581.991409322555 1129.153532956994
2628.114824471323 1129.9390700268978
2673.6657752071337 1129.5979159750034
2719.1447622469855 1128.6210308412492
2764.8633461929476 1127.0931970320748
2810.822287763331 1125.3030841243444
2856.86403988476 1123.9733647300807
2902.7421204556413 1122.9580465222878
2948.437977397719 1122.3990036164657
2994.4010256126794 1122.3009643909743
3040.7767748949796 1122.5796941286433
3087.1022487018427 1123.8211547829153
3133.066966874157 1125.2995591757604
3178.2804844314905 1126.4008917710396
3222.0779977596344 1127.3604511268281
3263.8917942369785 1128.196092539876
3303.3527030464684 1128.9234894740662
3340.2438382791083 1129.556388585272
3374.463673964789 1130.1068370047735
3405.996703651035 1130.5853845132635
3434.890249723179 1131.001263065067
3461.236246021515 1131.362545943309
3485.157030656665 1131.67628864708
3506.7943619148136 1131.9486534352936
3526.3010151598396 1132.1850192818508
3543.8344379900827 1132.3900788348978
3559.5520390110405 1132.5679238206792
3573.6077661142235 1132.7221201904401
3586.14969615785 1132.855774177325
3597.3184119603766 1132.9715903092413
3607.2459866448044 1133.0719223129568
3616.0554313528637 1133.158817743891
3623.86049162703 1133.2340570846213
3630.7657015297186 1133.2991879725066
3636.866623821042 1133.355555142399
3642.250220065557 1133.4043266035726
3646.9953070582987 1133.4465165101155
3651.1730660066605 1133.4830051305155
3654.847578934875 1133.514556274445
3658.0763731683187 1133.541832492273
3660.910959814776 1133.5654083250915
3663.3973561427697 1133.585781849575
3665.5765848708056 1133.6033847323388
3667.4851457957648 1133.618590982254
3669.1554570423486 1133.631724566013
3670.6162646213857 1133.6430660318174
3671.89302003478 1133.6528582680648
3673.0082264333637 1133.6613115080622
3673.981754381163 1133.6686076778697
3674.8311286541675 1133.674904172141
3675.571787742692 1133.6803371320848
3676.217317865068 1133.685024290253
3676.779663361752 1133.6890674386102
3677.269315342715 1133.6925545691074
3677.695480422896 1133.6955617296665
3678.0662313128337 1133.6981546329455
3678.3886409438865 1133.700390050427
3678.668901707125 1133.70231702015
3678.912431277662 1133.7039778927274
3679.1239663861274 1133.705409237067
3679.307645789342 1133.7066426244287
3679.4670835853044 1133.7077053069943
3679.6054339149146 1133.7086208050098
3679.725447995553 1133.709409414704
3679.8295243403236 1133.7100886475787
3679.919752931813 1133.710673610263
3679.9979540407503 1133.7111773329061
3680.065712307872 1133.711611053024
3680.1244066414692 1133.7119844607953
3680.1752364232134 1133.7123059110029
3680.2192444606217 1133.712582606122
3680.257337075552 1133.7128207544547
3680.2903016740715 1133.7130257066897
3680.318822103486 1133.713202073809
3680.3434920669456 1133.713353828874
3680.3648268344114 1133.71348439488
3680.3832734606217 1133.7135967205745
3680.3992196956237 1133.7136933458787
3680.4130017511907 1133.7137764583288
3680.4249110667256 1133.7138479417624
3680.4352002007827 1133.7139094183115
3680.444087958908 1133.7139622846137
3680.4517638548723 1133.7140077430383
3680.4583919903557 1133.7140468286048
3680.4641144275483 1133.7140804321891
3680.4690541198356 1133.7141093205248
3680.473317457534 1133.714134153441
3680.4769964784623 1133.7141554987145
3680.4801707868232 1133.71417384487
3680.482909218338 1133.7141896122034
3680.4852712847332 1133.7142031622807
3680.487308426431 1133.7142148061178
3680.4890650985944 1133.7142248112252
3680.490579712427 1133.7142334076755
3680.4918854507882 1133.714240793326
3680.4930109747256 1133.7142471383172
3680.4939810353485 1133.7142525889426
3680.4948170035955 1133.7142572709831
3680.4955373288035 1133.714261292574
3680.49615793555 1133.7142647466742
3680.496692567003 1133.7142677131899
3680.4971530819207 1133.7142702608028
3680.497549711506 1133.7142724485427
3680.4978912814904 1133.7142743271402
3680.4981854041216 1133.7142759401906
3680.4984386440965 1133.7142773251555
3680.498656661949 1133.7142785142225
3680.498844337934 1133.7142795350471
3680.499005879038 1133.714280411389
3680.499144911403 1133.7142811636588
3680.4992645601333 1133.7142818093903
3680.499367518198 1133.7142823636443
3680.4994561059134 1133.7142828393567
3680.4995323222747 1133.7142832476375
3680.4995978892603 1133.7142835980285
3680.4996542900535 1133.7142838987238
3680.4997028020184 1133.7142841567597
3680.4997445251447 1133.714284378178
3680.499780406577 1133.7142845681667
3680.499811261771 1133.7142847311798
3680.4998377927313 1133.7142848710414
3680.499860603737 1133.7142849910342
3680.499880214895 1133.7142850939765
3680.4998970738225 1133.7142851822873
3680.499911565715 1133.7142852580432
3680.4999240220204 1133.7142853230264
3680.499934727913 1133.7142853787664
3680.499943928733 1133.714285426576
3680.499951835531 1133.714285467582
3680.4999586298477 1133.7142855027512
3680.499964467824 1133.7142855329132
3680.499969483746 1133.71428555878
3680.4999737930943 1133.7142855809623
3680.499977495169 1133.7142855999844
3680.499980675351 1133.7142856162957
3680.4999834070472 1133.7142856302821
3680.4999857533653 1133.7142856422747
3680.499987768554 1133.7142856525572
3680.4999894992447 1133.7142856613732
3680.499990985517 1133.7142856689316
3680.499992261817 1133.7142856754115
3680.4999933577483 1133.7142856809667
3680.499994298749 1133.7142856857288
3680.499995106678 1133.714285689811
3680.499995800317 1133.7142856933103
3680.499996395802 1133.7142856963098
3680.499996906997 1133.714285698881
3680.49999734581 1133.7142857010847
3680.499997722471 1133.7142857029735
3680.4999980457674 1133.7142857045924
3680.499998323246 1133.7142857059798
3680.499998561389 1133.7142857071688
3680.499998765763 1133.7142857081878
3680.499998941148 1133.7142857090612
3680.499999091649 1133.7142857098095
3680.499999220791 1133.7142857104507
3680.4999993315996 1133.7142857110002
3680.499999426674 1133.7142857114711
3680.4999995082444 1133.7142857118745
3680.499999578226 1133.71428571222
3680.4999996382626 1133.7142857125161
3680.4999996897654 1133.7142857127699
3680.4999997339455 1133.7142857129872
3680.499999771843 1133.7142857131735
3680.499999804349 1133.714285713333
3680.49999983223 1133.7142857134697
3680.4999998561434 1133.7142857135868
3680.4999998766525 1133.714285713687
3680.4999998942417 1133.714285713773
3680.4999999093257 1133.7142857138467
3680.499999922261 1133.7142857139097
3680.499999933353 1133.7142857139636
3680.4999999428646 1133.7142857140097
3680.4999999510205 1133.7142857140493
3680.4999999580136 1133.7142857140832
3680.4999999640095 1133.7142857141123
3680.49999996915 1133.7142857141373
3680.499999973557 1133.7142857141587
3680.499999977335 1133.7142857141769
3680.499999980574 1133.7142857141926
3680.499999983351 1133.714285714206
3680.499999985731 1133.7142857142173
3680.4999999877714 1133.7142857142271
3680.4999999895203 1133.7142857142355
3680.499999991019 1133.7142857142428
3680.499999992304 1133.714285714249
3680.4999999934053 1133.7142857142542
3680.499999994349 1133.7142857142587
3680.499999995158 1133.7142857142626
3680.499999995851 1133.714285714266
3680.499999996445 1133.714285714269
3680.499999996954 1133.7142857142715
3680.49999999739 1133.7142857142735
3680.499999997764 1133.7142857142753
3680.499999998084 1133.714285714277
3680.499999998359 1133.7142857142783
3680.499999998594 1133.7142857142794
3680.4999999987954 1133.7142857142803
3680.499999998968 1133.7142857142812
3680.499999999116 1133.714285714282
3680.499999999243 1133.7142857142826
3680.4999999993515 1133.714285714283
3680.4999999994448 1133.7142857142835
3680.4999999995243 1133.714285714284
3680.4999999995925 1133.7142857142842
3680.499999999651 1133.7142857142844
3680.4999999997012 1133.7142857142846
3680.499999999744 1133.7142857142849
3680.499999999781 1133.714285714285
3680.499999999812 1133.7142857142853
3680.499999999839 1133.7142857142853
3680.499999999862 1133.7142857142853
3680.499999999882 1133.7142857142853
3680.499999999899 1133.7142857142853
3680.4999999999136 1133.7142857142853
3680.499999999926 1133.7142857142853
3680.4999999999363 1133.7142857142853
3680.4999999999454 1133.7142857142853
3680.499999999953 1133.7142857142853
3680.49999999996 1133.7142857142853
3680.499999999966 1133.7142857142853
3680.499999999971 1133.7142857142853
3680.499999999975 1133.7142857142853
3680.4999999999786 1133.7142857142853
3680.499999999982 1133.7142857142853
3680.4999999999845 1133.7142857142853
3680.499999999987 1133.7142857142853
3680.4999999999886 1133.7142857142853
3680.4999999999905 1133.7142857142853
3680.499999999992 1133.7142857142853
3680.499999999993 1133.7142857142853
3680.499999999994 1133.7142857142853
3680.499999999995 1133.7142857142853
3680.499999999996 1133.7142857142853
3680.4999999999964 1133.7142857142853
3680.499999999997 1133.7142857142853
3680.4999999999973 1133.7142857142853
3680.4999999999977 1133.7142857142853
3680.499999999998 1133.7142857142853
3680.4999999999986 1133.7142857142853
3680.499999999999 1133.7142857142853
3680.499999999999 1133.7142857142853
3680.499999999999 1133.7142857142853
3680.499999999999 1133.7142857142853
3680.499999999999 1133.7142857142853
3680.499999999999 1133.7142857142853
3680.499999999999 1133.7142857142853
3680.499999999999 1133.7142857142853
3680.499999999999 1133.7142857142853
3680.499999999999 1133.7142857142853
3680.499999999999 1133.7142857142853
3680.499999999999 1133.7142857142853
3680.499999999999 1133.7142857142853
3680.499999999999 1133.7142857142853
3680.499999999999 1133.7142857142853
3680.499999999999 1133.7142857142853
3680.499999999999 1133.7142857142853
3680.499999999999 1133.7142857142853
3680.499999999999 1133.7142857142853
3680.499999999999 1133.7142857142853
3680.499999999999 1133.7142857142853
3680.499999999999 1133.7142857142853
3680.499999999999 1133.7142857142853
3680.499999999999 1133.7142857142853
3680.499999999999 1133.7142857142853
3680.499999999999 1133.7142857142853
3680.499999999999 1133.7142857142853
3680.499999999999 1133.7142857142853
3680.499999999999 1133.7142857142853
3680.499999999999 1133.7142857142853
3680.499999999999 1133.7142857142853
3680.499999999999 1133.7142857142853
3680.499999999999 1133.7142857142853
3680.499999999999 1133.7142857142853
3680.499999999999 1133.7142857142853
3680.499999999999 1133.7142857142853
3680.499999999999 1133.7142857142853
3680.499999999999 1133.7142857142853
3680.499999999999 1133.7142857142853
3680.499999999999 1133.7142857142853
3680.499999999999 1133.7142857142853
3680.499999999999 1133.7142857142853
3680.499999999999 1133.7142857142853
3680.499999999999 1133.7142857142853
3680.499999999999 1133.7142857142853
3680.499999999999 1133.7142857142853
3680.499999999999 1133.7142857142853
3680.499999999999 1133.7142857142853
3680.499999999999 1133.7142857142853
3680.499999999999 1133.7142857142853
3680.499999999999 1133.7142857142853
3680.499999999999 1133.7142857142853
3680.499999999999 1133.7142857142853
3680.499999999999 1133.7142857142853
3680.499999999999 1133.7142857142853
3680.499999999999 1133.7142857142853
3680.499999999999 1133.7142857142853
3680.499999999999 1133.7142857142853
3680.499999999999 1133.7142857142853
3680.499999999999 1133.7142857142853
3680.499999999999 1133.7142857142853
3680.499999999999 1133.7142857142853
3680.499999999999 1133.7142857142853
3680.499999999999 1133.7142857142853
3680.499999999999 1133.7142857142853
3680.499999999999 1133.7142857142853
3680.499999999999 1133.7142857142853
3680.499999999999 1133.7142857142853
3680.499999999999 1133.7142857142853
3680.499999999999 1133.7142857142853
3680.499999999999 1133.7142857142853
3680.499999999999 1133.7142857142853
3680.499999999999 1133.7142857142853
3680.499999999999 1133.7142857142853
3680.499999999999 1133.7142857142853
3680.499999999999 1133.7142857142853
3680.499999999999 1133.7142857142853
3680.499999999999 1133.7142857142853
3680.499999999999 1133.7142857142853
3680.499999999999 1133.7142857142853
3680.499999999999 1133.7142857142853
3680.499999999999 1133.7142857142853
3680.499999999999 1133.7142857142853
3680.499999999999 1133.7142857142853
3680.499999999999 1133.7142857142853
3680.499999999999 1133.7142857142853
3680.499999999999 1133.7142857142853
3680.499999999999 1133.7142857142853
3680.499999999999 1133.7142857142853
3680.499999999999 1133.7142857142853
3680.499999999999 1133.7142857142853
3680.499999999999 1133.7142857142853
3680.499999999999 1133.7142857142853
3680.499999999999 1133.7142857142853
3680.499999999999 1133.7142857142853
3680.499999999999 1133.7142857142853
3680.499999999999 1133.7142857142853
3680.499999999999 1133.7142857142853
3680.499999999999 1133.7142857142853
3680.499999999999 1133.7142857142853
3680.499999999999 1133.7142857142853
3680.499999999999 1133.7142857142853
3680.499999999999 1133.7142857142853
3680.499999999999 1133.7142857142853
3680.499999999999 1133.7142857142853
3680.499999999999 1133.7142857142853
3680.499999999999 1133.7142857142853
3680.499999999999 1133.7142857142853
3680.499999999999 1133.7142857142853
3680.499999999999 1133.7142857142853
3680.499999999999 1133.7142857142853
3680.499999999999 1133.7142857142853
3680.499999999999 1133.7142857142853
3680.499999999999 1133.7142857142853
3680.499999999999 1133.7142857142853
3680.499999999999 1133.7142857142853
3680.499999999999 1133.7142857142853
3680.499999999999 1133.7142857142853
3680.499999999999 1133.7142857142853
3680.499999999999 1133.7142857142853
3680.499999999999 1133.7142857142853
3680.499999999999 1133.7142857142853
3680.499999999999 1133.7142857142853
3680.499999999999 1133.7142857142853
3680.499999999999 1133.7142857142853
3680.499999999999 1133.7142857142853
3680.499999999999 1133.7142857142853
3680.499999999999 1133.7142857142853
3680.499999999999 1133.7142857142853
3680.499999999999 1133.7142857142853
3680.499999999999 1133.7142857142853
3680.499999999999 1133.7142857142853
3680.499999999999 1133.7142857142853
3680.499999999999 1133.7142857142853
3680.499999999999 1133.7142857142853
3680.499999999999 1133.7142857142853
3680.499999999999 1133.7142857142853
3680.499999999999 1133.7142857142853
3680.499999999999 1133.7142857142853
3680.499999999999 1133.7142857142853
3680.499999999999 1133.7142857142853
3680.499999999999 1133.7142857142853
3680.499999999999 1133.7142857142853
3680.499999999999 1133.7142857142853
3680.499999999999 1133.7142857142853
3680.499999999999 1133.7142857142853
3680.499999999999 1133.7142857142853
3680.499999999999 1133.7142857142853
3680.499999999999 1133.7142857142853
3680.499999999999 1133.7142857142853
3680.499999999999 1133.7142857142853
3680.499999999999 1133.7142857142853
3680.499999999999 1133.7142857142853
3680.499999999999 1133.7142857142853
3680.499999999999 1133.7142857142853
3680.499999999999 1133.7142857142853
3680.499999999999 1133.7142857142853
3680.499999999999 1133.7142857142853
3680.499999999999 1133.7142857142853
3680.499999999999 1133.7142857142853
3680.499999999999 1133.7142857142853
3680.499999999999 1133.7142857142853
